15 0.116797 0.727083 0.232031 0.448611
4 0.332031 0.837500 0.100000 0.158333
4 0.319531 0.609722 0.057813 0.083333
4 0.280859 0.552778 0.049219 0.055556
4 0.432812 0.524306 0.034375 0.051389
4 0.390234 0.501389 0.033594 0.047222
15 0.391406 0.425694 0.021875 0.034722
4 0.424219 0.431944 0.018750 0.027778
4 0.449609 0.454861 0.025781 0.034722
4 0.459375 0.422222 0.018750 0.030556
4 0.441016 0.404861 0.017969 0.023611
4 0.421875 0.395833 0.014063 0.019444
4 0.555469 0.398611 0.017188 0.022222
4 0.544531 0.375694 0.012500 0.018056
4 0.560547 0.375000 0.011719 0.016667
