4 0.307812 0.919444 0.115625 0.161111
15 0.263281 0.529167 0.140625 0.194444
4 0.345703 0.483333 0.032031 0.047222
4 0.385547 0.495139 0.035156 0.048611
4 0.428125 0.536806 0.037500 0.059722
4 0.457031 0.445139 0.021875 0.034722
4 0.420703 0.444444 0.022656 0.033333
15 0.416016 0.399306 0.016406 0.026389
4 0.441406 0.402083 0.014063 0.020833
4 0.462891 0.413889 0.016406 0.025000
4 0.468750 0.397222 0.014063 0.022222
4 0.436328 0.381250 0.013281 0.020833
4 0.453906 0.386111 0.014063 0.019444
4 0.592578 0.465972 0.027344 0.040278
4 0.564453 0.409722 0.017969 0.025000
4 0.582031 0.404861 0.015625 0.023611
4 0.546094 0.380556 0.010937 0.019444
