15 0.092969 0.734028 0.184375 0.384722
4 0.289062 0.667361 0.075000 0.112500
4 0.253516 0.584028 0.061719 0.068056
4 0.422656 0.558333 0.040625 0.061111
4 0.379297 0.520833 0.035156 0.050000
4 0.444922 0.468750 0.027344 0.034722
15 0.383984 0.434722 0.024219 0.033333
4 0.417578 0.441667 0.019531 0.030556
4 0.457031 0.431944 0.020313 0.030556
4 0.417578 0.402083 0.013281 0.020833
4 0.435937 0.411806 0.015625 0.023611
4 0.550781 0.390972 0.014063 0.020833
4 0.541016 0.370833 0.011719 0.016667
4 0.556641 0.369444 0.010156 0.016667
4 0.751172 0.784028 0.089844 0.151389
