15 0.060937 0.797917 0.120313 0.384722
4 0.248828 0.743056 0.092969 0.138889
4 0.224219 0.618056 0.070312 0.083333
4 0.411328 0.598611 0.044531 0.072222
4 0.365625 0.545833 0.042188 0.063889
15 0.374609 0.443750 0.024219 0.043056
4 0.411719 0.452083 0.023438 0.037500
4 0.438672 0.485417 0.027344 0.043056
4 0.454688 0.443056 0.020313 0.033333
4 0.411719 0.406944 0.017188 0.022222
4 0.432812 0.417361 0.018750 0.023611
4 0.472656 0.388194 0.012500 0.018056
4 0.654297 0.591667 0.047656 0.072222
4 0.547266 0.383333 0.011719 0.016667
4 0.539453 0.367361 0.011719 0.015278
