15 0.228906 0.560417 0.173437 0.234722
4 0.333594 0.494444 0.034375 0.041667
4 0.374609 0.520139 0.039844 0.062500
4 0.414453 0.575694 0.044531 0.068056
4 0.451953 0.462500 0.022656 0.038889
4 0.414453 0.455556 0.022656 0.033333
15 0.408984 0.406250 0.021094 0.029167
4 0.437891 0.408333 0.016406 0.022222
4 0.459375 0.421528 0.020313 0.026389
4 0.433984 0.383333 0.013281 0.016667
4 0.450391 0.390278 0.013281 0.019444
4 0.466016 0.402083 0.016406 0.023611
4 0.542578 0.373611 0.011719 0.016667
4 0.574609 0.395139 0.014844 0.023611
4 0.557031 0.399306 0.015625 0.023611
4 0.578516 0.440972 0.022656 0.034722
