4 0.188672 0.604167 0.214844 0.288889
4 0.319141 0.512500 0.038281 0.050000
4 0.360938 0.541667 0.043750 0.066667
4 0.397656 0.625000 0.056250 0.077778
4 0.407813 0.469444 0.028125 0.041667
4 0.447656 0.477778 0.028125 0.044444
15 0.405469 0.411806 0.020313 0.034722
4 0.433984 0.415278 0.016406 0.025000
4 0.457031 0.431944 0.021875 0.027778
4 0.430078 0.387500 0.014844 0.019444
4 0.447656 0.395139 0.015625 0.020833
4 0.463672 0.408333 0.017969 0.025000
4 0.568750 0.423611 0.020313 0.027778
4 0.552344 0.389583 0.015625 0.023611
4 0.569141 0.386111 0.013281 0.019444
4 0.540234 0.369444 0.011719 0.019444
4 0.480078 0.372917 0.011719 0.018056
