4 0.181250 0.863194 0.134375 0.181944
4 0.179297 0.673611 0.080469 0.094444
4 0.390234 0.664583 0.060156 0.093056
4 0.346094 0.581944 0.046875 0.066667
4 0.432422 0.512500 0.033594 0.050000
15 0.363281 0.456944 0.028125 0.041667
4 0.403516 0.464583 0.025781 0.037500
4 0.451953 0.455556 0.024219 0.033333
4 0.406641 0.413889 0.017969 0.025000
4 0.426953 0.425000 0.021094 0.027778
4 0.469531 0.393056 0.014063 0.019444
4 0.608594 0.506250 0.032813 0.048611
4 0.542969 0.377083 0.012500 0.018056
4 0.537500 0.363194 0.010937 0.012500
