15 0.135156 0.665972 0.268750 0.362500
4 0.371484 0.709722 0.071094 0.108333
4 0.301172 0.531944 0.046094 0.052778
4 0.341797 0.571528 0.052344 0.068056
4 0.399219 0.484028 0.029687 0.043056
4 0.439844 0.498611 0.029687 0.047222
4 0.398047 0.418056 0.021094 0.030556
4 0.429297 0.423611 0.017969 0.027778
4 0.452344 0.441667 0.023438 0.030556
4 0.461719 0.415972 0.018750 0.026389
4 0.426172 0.392361 0.014844 0.020833
4 0.444141 0.399306 0.016406 0.023611
4 0.560937 0.409722 0.017188 0.027778
4 0.546875 0.381944 0.014063 0.022222
4 0.564453 0.380556 0.013281 0.019444
4 0.538281 0.365972 0.010937 0.012500
