4 0.113281 0.936806 0.154688 0.126389
4 0.075781 0.805556 0.150000 0.166667
4 0.326953 0.600000 0.053906 0.069444
4 0.269141 0.581250 0.050781 0.068056
4 0.329297 0.505556 0.038281 0.052778
4 0.414844 0.551389 0.040625 0.055556
4 0.448047 0.461806 0.022656 0.037500
15 0.380078 0.421528 0.052344 0.087500
4 0.407422 0.413194 0.016406 0.026389
4 0.439063 0.408333 0.015625 0.025000
4 0.465234 0.410417 0.017969 0.023611
4 0.452734 0.388889 0.013281 0.019444
15 0.554297 0.361806 0.011719 0.023611
4 0.539453 0.423611 0.019531 0.030556
4 0.573047 0.394444 0.014844 0.022222
4 0.612109 0.436111 0.017969 0.027778
4 0.649219 0.565972 0.042188 0.059722
