4 0.194922 0.668056 0.075781 0.086111
4 0.256641 0.720833 0.080469 0.105556
4 0.379688 0.658333 0.057813 0.088889
4 0.434766 0.500000 0.032031 0.044444
15 0.361719 0.437500 0.062500 0.105556
4 0.396484 0.425694 0.019531 0.029167
4 0.428906 0.422917 0.018750 0.029167
4 0.459375 0.427083 0.018750 0.029167
4 0.531641 0.395139 0.014844 0.020833
4 0.549219 0.355556 0.010937 0.019444
4 0.562891 0.379861 0.013281 0.018056
4 0.586328 0.406250 0.014844 0.023611
4 0.593359 0.466667 0.025781 0.036111
4 0.725781 0.670139 0.075000 0.120833
4 0.765234 0.625000 0.064844 0.086111
