4 0.259766 0.711111 0.083594 0.102778
4 0.208984 0.641667 0.085156 0.105556
4 0.366797 0.536111 0.039844 0.050000
4 0.312500 0.528472 0.039062 0.054167
4 0.433984 0.491667 0.032031 0.038889
4 0.354297 0.475000 0.030469 0.041667
15 0.392578 0.409028 0.044531 0.070833
4 0.456641 0.435417 0.019531 0.029167
4 0.417578 0.402083 0.014844 0.020833
4 0.446094 0.396528 0.014063 0.023611
4 0.469922 0.397222 0.013281 0.022222
15 0.560156 0.369444 0.012500 0.025000
4 0.589453 0.414583 0.016406 0.026389
4 0.556641 0.475000 0.025781 0.041667
4 0.659375 0.493750 0.028125 0.045833
4 0.885938 0.927083 0.142187 0.145833
