4 0.194531 0.656250 0.081250 0.095833
4 0.402344 0.606250 0.051562 0.073611
15 0.325000 0.472222 0.085938 0.133333
4 0.375781 0.447222 0.023438 0.033333
4 0.411328 0.453472 0.024219 0.043056
4 0.449219 0.465278 0.026562 0.036111
4 0.435547 0.417361 0.017969 0.023611
4 0.466016 0.415972 0.017969 0.026389
15 0.430078 0.386806 0.014844 0.023611
4 0.558984 0.408333 0.017969 0.027778
4 0.525391 0.372917 0.011719 0.020833
4 0.565234 0.381250 0.013281 0.020833
4 0.553125 0.366667 0.010937 0.013889
4 0.600000 0.470139 0.028125 0.045833
4 0.623828 0.457639 0.022656 0.034722
4 0.695312 0.640972 0.067187 0.090278
