4 0.027344 0.920139 0.053125 0.140278
4 0.296484 0.652083 0.066406 0.084722
4 0.235547 0.618056 0.060156 0.075000
4 0.400781 0.597917 0.045312 0.068056
4 0.310547 0.524306 0.042969 0.062500
15 0.370312 0.427778 0.054688 0.094444
4 0.441797 0.479861 0.028906 0.040278
4 0.462500 0.417361 0.020313 0.023611
4 0.433984 0.414583 0.017969 0.026389
4 0.402734 0.419444 0.016406 0.027778
4 0.535547 0.406250 0.016406 0.026389
4 0.568359 0.386111 0.014844 0.019444
15 0.551953 0.356944 0.011719 0.022222
4 0.596875 0.418750 0.017188 0.026389
4 0.612500 0.502778 0.031250 0.047222
4 0.867969 0.885417 0.143750 0.218056
4 0.910156 0.799306 0.117188 0.154167
