4 0.060156 0.841667 0.118750 0.147222
4 0.112109 0.942361 0.150781 0.115278
4 0.301953 0.911111 0.108594 0.175000
4 0.236328 0.610417 0.069531 0.087500
4 0.417578 0.560417 0.042969 0.065278
15 0.339453 0.456944 0.074219 0.122222
4 0.383594 0.440278 0.021875 0.033333
4 0.417578 0.442361 0.022656 0.037500
4 0.453516 0.450000 0.024219 0.033333
4 0.439844 0.410417 0.020313 0.023611
4 0.467187 0.409028 0.015625 0.023611
4 0.568750 0.422222 0.020313 0.030556
4 0.571484 0.387500 0.011719 0.019444
4 0.623047 0.505556 0.035156 0.061111
4 0.650781 0.490972 0.031250 0.043056
4 0.821484 0.861111 0.127344 0.186111
