4 0.150781 0.712500 0.114062 0.127778
4 0.198828 0.819444 0.111719 0.136111
4 0.350000 0.565972 0.045312 0.059722
4 0.291797 0.551389 0.044531 0.058333
4 0.342187 0.488194 0.032813 0.045833
4 0.425391 0.520139 0.033594 0.048611
4 0.452734 0.447917 0.019531 0.031944
15 0.385937 0.415278 0.046875 0.080556
4 0.412109 0.406944 0.016406 0.025000
4 0.442188 0.402083 0.015625 0.023611
4 0.467578 0.403472 0.016406 0.020833
15 0.556641 0.364583 0.013281 0.023611
4 0.580078 0.402778 0.014844 0.022222
4 0.546875 0.443056 0.020313 0.030556
4 0.630078 0.458333 0.021094 0.033333
4 0.714844 0.674306 0.067187 0.101389
