4 0.063281 0.825000 0.125000 0.158333
4 0.355469 0.770139 0.078125 0.120833
4 0.436719 0.505556 0.034375 0.047222
15 0.287500 0.504167 0.117188 0.163889
4 0.356641 0.469444 0.028906 0.038889
4 0.396094 0.478472 0.029687 0.040278
4 0.426172 0.434028 0.017969 0.026389
4 0.460938 0.434722 0.020313 0.030556
4 0.464844 0.406944 0.017188 0.022222
15 0.421094 0.395139 0.015625 0.026389
4 0.445312 0.397917 0.014063 0.020833
4 0.573047 0.425000 0.019531 0.030556
4 0.591797 0.418056 0.017969 0.025000
4 0.548828 0.386806 0.014844 0.020833
4 0.610938 0.497222 0.032813 0.047222
