15 0.308984 0.486806 0.099219 0.151389
4 0.140625 0.718056 0.104688 0.119444
4 0.385937 0.667361 0.059375 0.087500
4 0.444141 0.481250 0.032031 0.040278
4 0.367188 0.459028 0.026562 0.040278
4 0.404297 0.465278 0.028906 0.041667
4 0.430469 0.425000 0.020313 0.027778
4 0.463672 0.423611 0.019531 0.027778
15 0.425391 0.390278 0.016406 0.025000
4 0.468359 0.400000 0.016406 0.022222
4 0.449219 0.392361 0.014063 0.020833
4 0.554297 0.397222 0.016406 0.022222
4 0.584766 0.445139 0.024219 0.040278
4 0.606250 0.436111 0.020313 0.036111
4 0.642969 0.552778 0.043750 0.063889
