4 0.214844 0.638889 0.070312 0.086111
4 0.278125 0.665278 0.065625 0.088889
4 0.401562 0.600000 0.048438 0.063889
4 0.364844 0.529167 0.042188 0.052778
4 0.324219 0.511111 0.042188 0.063889
4 0.364063 0.465278 0.028125 0.036111
4 0.405859 0.463889 0.027344 0.036111
4 0.387891 0.436111 0.022656 0.033333
15 0.412891 0.388889 0.035156 0.061111
4 0.455469 0.430556 0.018750 0.027778
4 0.468359 0.401389 0.014844 0.022222
4 0.433203 0.386111 0.011719 0.019444
4 0.457422 0.378472 0.011719 0.018056
4 0.478125 0.379167 0.012500 0.016667
15 0.580859 0.395139 0.021094 0.040278
4 0.670312 0.514583 0.035937 0.054167
4 0.265234 0.972917 0.114844 0.054167
