4 0.108203 0.768750 0.110156 0.123611
4 0.179297 0.834722 0.110156 0.138889
4 0.344141 0.763194 0.077344 0.104167
4 0.327344 0.595139 0.056250 0.073611
4 0.281250 0.564583 0.059375 0.084722
4 0.341797 0.493750 0.033594 0.045833
4 0.389453 0.493750 0.030469 0.043056
4 0.372266 0.452778 0.024219 0.036111
4 0.446875 0.454861 0.023438 0.031944
4 0.462109 0.413889 0.017969 0.025000
15 0.403906 0.399306 0.039062 0.065278
15 0.568750 0.379167 0.017188 0.030556
4 0.616797 0.449306 0.025781 0.034722
4 0.601953 0.615278 0.050781 0.086111
4 0.782813 0.636111 0.060937 0.086111
