4 0.312500 0.914583 0.114062 0.159722
15 0.248438 0.633333 0.210938 0.366667
4 0.409766 0.565278 0.046094 0.058333
4 0.378125 0.500000 0.031250 0.047222
4 0.447656 0.454861 0.021875 0.029167
4 0.414844 0.450000 0.026562 0.033333
4 0.383203 0.443056 0.027344 0.038889
4 0.396875 0.423611 0.018750 0.025000
4 0.436719 0.416667 0.018750 0.025000
4 0.414062 0.404861 0.015625 0.026389
15 0.432812 0.373611 0.026562 0.047222
4 0.470703 0.393056 0.014844 0.019444
4 0.569531 0.389583 0.014063 0.018056
4 0.560156 0.377778 0.010937 0.016667
15 0.665625 0.491667 0.048438 0.086111
