4 0.045703 0.873611 0.089844 0.152778
4 0.087891 0.950000 0.147656 0.100000
4 0.281250 0.922222 0.114062 0.155556
4 0.248438 0.598611 0.068750 0.091667
4 0.298438 0.643056 0.067187 0.086111
4 0.328125 0.506944 0.035937 0.044444
4 0.379688 0.513194 0.035937 0.048611
4 0.440625 0.472917 0.026562 0.037500
4 0.364453 0.463889 0.028906 0.041667
15 0.397266 0.405556 0.041406 0.072222
4 0.458984 0.424306 0.019531 0.029167
15 0.564063 0.373611 0.015625 0.027778
4 0.600391 0.428472 0.019531 0.029167
4 0.572266 0.522222 0.035156 0.055556
4 0.701172 0.538889 0.039844 0.058333
