15 0.146484 0.761806 0.291406 0.476389
4 0.299219 0.539583 0.045312 0.056944
4 0.350391 0.542361 0.042969 0.056944
4 0.435156 0.493056 0.029687 0.036111
4 0.398438 0.473611 0.032813 0.038889
4 0.364844 0.463194 0.029687 0.045833
4 0.385937 0.438889 0.020313 0.027778
4 0.425391 0.432639 0.019531 0.026389
4 0.405078 0.415278 0.019531 0.030556
15 0.425391 0.379861 0.027344 0.045833
4 0.466016 0.406250 0.016406 0.023611
15 0.615625 0.434028 0.029687 0.054167
4 0.975391 0.923611 0.049219 0.150000
4 0.377734 0.668056 0.064844 0.091667
