4 0.167578 0.695139 0.088281 0.095833
4 0.235547 0.738889 0.085156 0.113889
4 0.377734 0.668750 0.063281 0.079167
4 0.348828 0.559722 0.047656 0.061111
4 0.305078 0.532639 0.047656 0.068056
4 0.353516 0.477778 0.028906 0.036111
4 0.397266 0.477083 0.028906 0.037500
4 0.380859 0.443750 0.025781 0.031944
4 0.452344 0.440972 0.021875 0.031944
15 0.408203 0.393750 0.036719 0.068056
4 0.464844 0.409028 0.017188 0.023611
15 0.573438 0.386806 0.018750 0.034722
4 0.637500 0.475694 0.029687 0.043056
4 0.669141 0.814583 0.092969 0.168056
4 0.944922 0.831944 0.110156 0.166667
