4 0.040625 0.915278 0.079687 0.169444
4 0.358203 0.768056 0.078906 0.111111
4 0.299609 0.571528 0.152344 0.281944
4 0.214453 0.609722 0.021094 0.077778
4 0.420703 0.529861 0.039844 0.051389
4 0.387891 0.482639 0.028906 0.040278
4 0.419922 0.440278 0.024219 0.030556
4 0.390625 0.435417 0.026562 0.034722
4 0.452734 0.440278 0.022656 0.027778
15 0.435937 0.370833 0.025000 0.044444
4 0.419141 0.399306 0.014844 0.023611
4 0.440234 0.410417 0.016406 0.020833
4 0.403125 0.417361 0.015625 0.023611
4 0.564063 0.382639 0.012500 0.018056
4 0.576172 0.398611 0.014844 0.022222
15 0.716406 0.547917 0.067187 0.118056
