15 0.063672 0.869444 0.125781 0.261111
4 0.310547 0.878472 0.105469 0.162500
4 0.248438 0.597917 0.059375 0.070833
4 0.307031 0.613889 0.056250 0.072222
4 0.416016 0.556250 0.038281 0.051389
4 0.378125 0.508333 0.035937 0.047222
4 0.341406 0.491667 0.039062 0.052778
4 0.372266 0.456944 0.024219 0.033333
4 0.413672 0.453472 0.022656 0.031944
4 0.393359 0.428472 0.021094 0.029167
15 0.417969 0.385417 0.032813 0.059722
4 0.458984 0.421528 0.017969 0.026389
4 0.436719 0.381944 0.012500 0.019444
4 0.470313 0.395833 0.015625 0.022222
15 0.589844 0.404167 0.021875 0.041667
4 0.719141 0.575694 0.052344 0.073611
