15 0.119141 0.795139 0.236719 0.409722
4 0.351953 0.744444 0.077344 0.113889
4 0.276953 0.563889 0.050781 0.061111
4 0.332422 0.572222 0.047656 0.063889
4 0.427734 0.518750 0.033594 0.040278
4 0.389844 0.489583 0.032813 0.043056
4 0.354687 0.476389 0.034375 0.050000
4 0.380078 0.445833 0.021094 0.030556
4 0.421094 0.442361 0.023438 0.031944
4 0.400000 0.421528 0.020313 0.029167
15 0.421484 0.381250 0.033594 0.051389
4 0.462500 0.411806 0.015625 0.023611
15 0.601562 0.418056 0.026562 0.050000
4 0.818750 0.694444 0.084375 0.116667
