4 0.077344 0.856944 0.112500 0.163889
4 0.197656 0.650694 0.084375 0.084722
4 0.391797 0.665972 0.061719 0.098611
4 0.304688 0.625694 0.059375 0.076389
4 0.430469 0.543056 0.039062 0.052778
4 0.321094 0.516667 0.039062 0.050000
4 0.363672 0.459722 0.030469 0.036111
4 0.442969 0.477083 0.026562 0.037500
15 0.407813 0.424306 0.048438 0.109722
4 0.461328 0.415972 0.021094 0.026389
4 0.447656 0.395833 0.015625 0.022222
4 0.474609 0.386111 0.014844 0.019444
4 0.459375 0.381250 0.012500 0.020833
4 0.441797 0.375694 0.011719 0.020833
4 0.432812 0.386806 0.010937 0.020833
4 0.435547 0.415278 0.008594 0.022222
15 0.550000 0.385417 0.015625 0.031944
4 0.587109 0.409722 0.017969 0.025000
4 0.586719 0.472917 0.028125 0.040278
4 0.638281 0.479167 0.032813 0.041667
4 0.807422 0.681944 0.077344 0.108333
