4 0.096484 0.797222 0.125781 0.136111
4 0.383984 0.683333 0.063281 0.094444
4 0.256641 0.576389 0.036719 0.063889
15 0.327734 0.534028 0.121094 0.229167
4 0.429688 0.504861 0.034375 0.045833
4 0.395703 0.470139 0.027344 0.037500
4 0.457031 0.427778 0.018750 0.025000
4 0.425781 0.431944 0.023438 0.027778
4 0.442969 0.406250 0.015625 0.020833
15 0.437500 0.368750 0.025000 0.043056
4 0.424219 0.395833 0.015625 0.025000
4 0.407813 0.411806 0.014063 0.023611
4 0.396094 0.426389 0.023438 0.036111
4 0.568359 0.388889 0.013281 0.019444
4 0.584375 0.409028 0.017188 0.026389
4 0.542188 0.380556 0.012500 0.019444
15 0.803516 0.643750 0.108594 0.179167
