4 0.146094 0.913194 0.150000 0.173611
4 0.133594 0.731250 0.096875 0.104167
4 0.378125 0.680556 0.062500 0.094444
4 0.236328 0.601389 0.053906 0.077778
4 0.297266 0.538889 0.047656 0.052778
4 0.369922 0.517361 0.035156 0.045833
4 0.431641 0.526389 0.036719 0.052778
4 0.363281 0.468056 0.028125 0.038889
4 0.448047 0.475694 0.027344 0.037500
4 0.389062 0.431944 0.023438 0.027778
4 0.454688 0.437500 0.021875 0.030556
15 0.427734 0.398611 0.035156 0.083333
4 0.473047 0.394444 0.014844 0.022222
4 0.456250 0.384722 0.014063 0.019444
4 0.573828 0.392361 0.013281 0.020833
15 0.574609 0.425000 0.025781 0.047222
4 0.630469 0.464583 0.026562 0.040278
4 0.746484 0.765278 0.097656 0.158333
4 0.805859 0.682639 0.088281 0.109722
