4 0.126562 0.918056 0.151562 0.163889
4 0.023047 0.902778 0.044531 0.125000
4 0.392578 0.679167 0.067969 0.088889
4 0.252734 0.598611 0.064844 0.072222
4 0.327734 0.502083 0.038281 0.045833
15 0.380078 0.461111 0.069531 0.150000
4 0.425781 0.541667 0.037500 0.052778
4 0.447656 0.451389 0.023438 0.033333
4 0.437891 0.411111 0.017969 0.022222
4 0.469141 0.403472 0.016406 0.023611
4 0.451953 0.390278 0.013281 0.019444
4 0.433984 0.384722 0.013281 0.019444
4 0.423047 0.398611 0.013281 0.022222
4 0.414844 0.406944 0.012500 0.025000
4 0.419531 0.438194 0.015625 0.031944
15 0.444922 0.361111 0.019531 0.038889
15 0.541797 0.365972 0.011719 0.023611
4 0.566016 0.382639 0.013281 0.020833
4 0.553516 0.409028 0.017969 0.029167
4 0.590234 0.419444 0.019531 0.027778
4 0.633203 0.469444 0.028906 0.038889
