15 0.951562 0.847222 0.096875 0.283333
4 0.328125 0.914583 0.115625 0.170833
4 0.167969 0.702083 0.096875 0.104167
4 0.402734 0.618750 0.055469 0.076389
4 0.288281 0.543750 0.048438 0.054167
15 0.348438 0.502083 0.096875 0.195833
4 0.436719 0.483333 0.029687 0.041667
4 0.404297 0.459028 0.022656 0.037500
4 0.401562 0.420139 0.023438 0.031944
4 0.429297 0.423611 0.019531 0.025000
4 0.462500 0.417361 0.017188 0.020833
4 0.446094 0.400000 0.015625 0.022222
4 0.427344 0.390972 0.012500 0.020833
4 0.412891 0.406250 0.014844 0.023611
15 0.441016 0.367361 0.022656 0.037500
4 0.544922 0.387500 0.013281 0.019444
4 0.573438 0.397222 0.015625 0.019444
4 0.596875 0.426389 0.018750 0.030556
