4 0.143750 0.715278 0.107813 0.105556
4 0.267578 0.686806 0.077344 0.095833
4 0.366016 0.756250 0.082031 0.123611
4 0.303516 0.539583 0.046094 0.056944
4 0.419531 0.575694 0.046875 0.065278
4 0.438672 0.493750 0.030469 0.043056
4 0.353125 0.472917 0.031250 0.037500
15 0.400391 0.433333 0.052344 0.119444
4 0.458594 0.426389 0.020313 0.027778
4 0.444922 0.399306 0.014844 0.020833
4 0.473438 0.390278 0.012500 0.016667
4 0.457813 0.384722 0.012500 0.019444
4 0.439453 0.379861 0.013281 0.018056
4 0.430078 0.388889 0.010156 0.019444
4 0.430078 0.421528 0.013281 0.026389
15 0.449219 0.358333 0.020313 0.036111
15 0.547656 0.378472 0.014063 0.026389
4 0.578516 0.400000 0.014844 0.022222
4 0.571484 0.444444 0.022656 0.033333
4 0.617188 0.454167 0.028125 0.036111
4 0.716797 0.570833 0.050781 0.069444
