4 0.067187 0.811806 0.132812 0.143056
4 0.210938 0.784028 0.103125 0.126389
4 0.323047 0.914583 0.111719 0.170833
4 0.408984 0.619444 0.055469 0.077778
4 0.280469 0.567361 0.053125 0.062500
4 0.340625 0.487500 0.035937 0.041667
4 0.433984 0.515972 0.035156 0.045833
15 0.390625 0.447917 0.062500 0.134722
4 0.453125 0.436806 0.023438 0.029167
4 0.425391 0.430556 0.014844 0.027778
4 0.441797 0.404861 0.017969 0.023611
4 0.420312 0.402083 0.010937 0.023611
4 0.425391 0.393750 0.013281 0.020833
4 0.436719 0.382639 0.012500 0.020833
4 0.454297 0.386111 0.013281 0.019444
4 0.470313 0.396528 0.014063 0.020833
15 0.447266 0.359722 0.019531 0.033333
15 0.544141 0.372222 0.013281 0.027778
4 0.571875 0.390278 0.012500 0.019444
4 0.560937 0.422917 0.018750 0.029167
4 0.601172 0.434722 0.024219 0.033333
4 0.663672 0.506944 0.036719 0.050000
