4 0.152344 0.726389 0.081250 0.130556
4 0.301563 0.918750 0.112500 0.162500
4 0.240234 0.604167 0.067969 0.069444
4 0.333203 0.579167 0.049219 0.063889
4 0.408594 0.601389 0.051562 0.077778
4 0.436719 0.515278 0.035937 0.047222
4 0.338281 0.497222 0.037500 0.047222
4 0.373828 0.450000 0.028906 0.033333
15 0.417187 0.415278 0.045312 0.097222
4 0.446875 0.461111 0.026562 0.033333
4 0.466797 0.408333 0.017969 0.025000
4 0.451172 0.391667 0.014844 0.022222
15 0.555859 0.395139 0.017969 0.031944
4 0.598828 0.424306 0.019531 0.029167
4 0.612500 0.520139 0.035937 0.054167
4 0.670703 0.518056 0.042969 0.052778
