4 0.058203 0.825000 0.114844 0.144444
4 0.346094 0.776389 0.078125 0.119444
4 0.421484 0.560417 0.042969 0.062500
4 0.352734 0.545139 0.042969 0.054167
4 0.269141 0.569444 0.058594 0.061111
4 0.351172 0.481944 0.033594 0.038889
4 0.442969 0.493750 0.029687 0.043056
4 0.381250 0.440278 0.025000 0.027778
4 0.451172 0.450000 0.022656 0.033333
15 0.420703 0.406944 0.038281 0.091667
4 0.469141 0.400000 0.014844 0.022222
4 0.453125 0.387500 0.014063 0.016667
15 0.564063 0.406944 0.018750 0.036111
4 0.611719 0.440278 0.021875 0.030556
4 0.652344 0.593056 0.053125 0.077778
4 0.717578 0.575000 0.057031 0.069444
4 0.197656 0.659028 0.065625 0.101389
