4 0.216797 0.645139 0.075781 0.081944
4 0.367969 0.778472 0.084375 0.126389
4 0.416016 0.575000 0.047656 0.063889
4 0.309766 0.522917 0.041406 0.051389
15 0.366797 0.481250 0.082031 0.173611
4 0.442578 0.465278 0.027344 0.036111
4 0.412500 0.447917 0.020313 0.034722
4 0.434375 0.418056 0.020313 0.027778
4 0.466016 0.410417 0.017969 0.020833
4 0.408594 0.414583 0.018750 0.031944
4 0.417969 0.401389 0.012500 0.022222
4 0.448828 0.394444 0.014844 0.019444
4 0.430469 0.389583 0.014063 0.020833
15 0.442188 0.363194 0.021875 0.040278
4 0.549219 0.397222 0.014063 0.025000
4 0.562500 0.379861 0.010937 0.020833
15 0.539453 0.361806 0.010156 0.020833
4 0.581641 0.407639 0.017969 0.023611
4 0.611328 0.442361 0.024219 0.037500
