4 0.021875 0.902083 0.042188 0.118056
4 0.400391 0.606944 0.052344 0.075000
4 0.269531 0.566667 0.051562 0.069444
4 0.351562 0.555556 0.045312 0.058333
4 0.337109 0.495139 0.035156 0.045833
4 0.395313 0.479861 0.028125 0.040278
4 0.442969 0.463889 0.023438 0.033333
4 0.367578 0.450000 0.022656 0.036111
4 0.387109 0.436111 0.022656 0.030556
4 0.460547 0.421528 0.019531 0.029167
4 0.429297 0.422917 0.019531 0.026389
4 0.412891 0.410417 0.016406 0.026389
4 0.425391 0.393056 0.016406 0.019444
4 0.470313 0.403472 0.015625 0.020833
4 0.475000 0.386111 0.012500 0.016667
15 0.451953 0.370139 0.024219 0.056944
15 0.539453 0.363889 0.010156 0.019444
4 0.560547 0.394444 0.011719 0.022222
4 0.566406 0.384028 0.009375 0.020833
4 0.591016 0.454861 0.025781 0.037500
4 0.725781 0.575694 0.054688 0.073611
