4 0.235547 0.765278 0.099219 0.122222
4 0.185547 0.669444 0.075781 0.091667
4 0.395703 0.621528 0.050781 0.076389
4 0.265625 0.565972 0.045312 0.068056
4 0.317188 0.516667 0.040625 0.050000
4 0.382031 0.497917 0.032813 0.043056
4 0.438281 0.504167 0.031250 0.050000
4 0.373047 0.455556 0.025781 0.033333
4 0.395703 0.425694 0.022656 0.026389
4 0.451562 0.461111 0.026562 0.033333
4 0.457422 0.427083 0.022656 0.026389
15 0.431250 0.392361 0.032813 0.079167
4 0.543359 0.377083 0.011719 0.018056
4 0.580078 0.401389 0.013281 0.022222
15 0.587891 0.447222 0.028906 0.052778
4 0.655078 0.494444 0.032031 0.050000
4 0.947266 0.889583 0.105469 0.195833
