4 0.317578 0.897917 0.113281 0.179167
4 0.110156 0.945833 0.150000 0.108333
4 0.083203 0.782639 0.117969 0.134722
4 0.412891 0.565972 0.046094 0.062500
4 0.293359 0.538194 0.047656 0.059722
4 0.370703 0.522917 0.036719 0.054167
4 0.349609 0.477778 0.033594 0.038889
4 0.405859 0.461806 0.027344 0.034722
4 0.447266 0.449306 0.021094 0.029167
4 0.376953 0.439583 0.021094 0.029167
4 0.394141 0.426389 0.022656 0.025000
4 0.462891 0.413889 0.016406 0.027778
4 0.433984 0.414583 0.017969 0.023611
4 0.418359 0.402083 0.016406 0.020833
4 0.429688 0.386806 0.014063 0.018056
15 0.454688 0.367361 0.020313 0.051389
15 0.541016 0.369444 0.010156 0.022222
4 0.522266 0.371528 0.010156 0.018056
4 0.572266 0.388194 0.013281 0.018056
4 0.572656 0.404167 0.018750 0.022222
4 0.612500 0.490972 0.032813 0.045833
4 0.833984 0.706944 0.088281 0.127778
