4 0.064062 0.807639 0.126562 0.143056
4 0.157031 0.898611 0.137500 0.155556
4 0.277344 0.969444 0.114062 0.061111
4 0.326953 0.602083 0.053906 0.070833
4 0.257812 0.586111 0.054688 0.066667
4 0.311328 0.512500 0.035156 0.047222
4 0.348828 0.480556 0.032031 0.038889
4 0.419922 0.543056 0.036719 0.052778
4 0.448828 0.466667 0.025781 0.038889
4 0.402734 0.464583 0.025781 0.037500
4 0.390234 0.436111 0.024219 0.027778
4 0.459766 0.436806 0.021094 0.029167
4 0.407422 0.411806 0.017969 0.023611
4 0.464844 0.409722 0.017188 0.022222
4 0.479297 0.378472 0.011719 0.015278
4 0.462500 0.375694 0.010937 0.015278
15 0.439844 0.384722 0.028125 0.066667
4 0.551562 0.391667 0.014063 0.019444
4 0.602344 0.427083 0.018750 0.029167
15 0.644141 0.542361 0.049219 0.098611
4 0.758984 0.622222 0.061719 0.083333
