15 0.912891 0.910417 0.174219 0.179167
4 0.359766 0.742361 0.075781 0.115278
4 0.291797 0.661806 0.069531 0.087500
4 0.200391 0.649306 0.074219 0.090278
4 0.304688 0.531250 0.042188 0.054167
4 0.371094 0.525000 0.039062 0.050000
4 0.433594 0.497222 0.028125 0.047222
4 0.343750 0.477083 0.028125 0.037500
4 0.370312 0.454861 0.025000 0.031944
4 0.418750 0.441667 0.018750 0.027778
4 0.403516 0.421528 0.021094 0.026389
4 0.454297 0.440278 0.021094 0.033333
4 0.416797 0.400694 0.017969 0.020833
4 0.466797 0.416667 0.016406 0.022222
4 0.469922 0.397222 0.016406 0.022222
15 0.446094 0.375694 0.028125 0.062500
4 0.565234 0.415278 0.017969 0.025000
4 0.548828 0.378472 0.011719 0.018056
4 0.558984 0.374306 0.010156 0.018056
4 0.639453 0.472917 0.030469 0.040278
