4 0.384766 0.659722 0.061719 0.088889
4 0.328516 0.597917 0.053906 0.068056
4 0.241016 0.600694 0.060156 0.076389
4 0.322656 0.510417 0.037500 0.048611
4 0.385156 0.498611 0.034375 0.044444
4 0.438281 0.476389 0.026562 0.038889
4 0.357031 0.461806 0.025000 0.034722
4 0.380078 0.443056 0.024219 0.027778
4 0.424219 0.431944 0.020313 0.027778
4 0.458203 0.430556 0.017969 0.030556
4 0.407813 0.415278 0.017188 0.025000
4 0.421094 0.397222 0.014063 0.019444
4 0.469141 0.410417 0.016406 0.023611
15 0.448828 0.372222 0.024219 0.058333
4 0.553906 0.384722 0.010937 0.019444
4 0.562109 0.377778 0.010156 0.013889
4 0.576562 0.431944 0.020313 0.033333
4 0.673828 0.513889 0.036719 0.052778
