4 0.015625 0.910417 0.029687 0.101389
4 0.292969 0.661806 0.070312 0.087500
4 0.226953 0.620139 0.064844 0.079167
4 0.410156 0.575000 0.042188 0.063889
4 0.291406 0.536806 0.039062 0.054167
4 0.334766 0.497222 0.036719 0.044444
4 0.393359 0.479861 0.030469 0.040278
4 0.444141 0.481944 0.030469 0.044444
4 0.456641 0.447222 0.022656 0.033333
4 0.382812 0.444444 0.026562 0.030556
4 0.401562 0.417361 0.020313 0.023611
4 0.462109 0.417361 0.017969 0.023611
15 0.436328 0.388194 0.028906 0.070833
4 0.547266 0.383333 0.011719 0.019444
4 0.590234 0.413194 0.014844 0.023611
15 0.609766 0.486111 0.035156 0.066667
4 0.695312 0.544444 0.042188 0.058333
