4 0.197656 0.827778 0.112500 0.144444
4 0.357031 0.771528 0.082812 0.123611
4 0.155859 0.695139 0.091406 0.106944
4 0.423047 0.536806 0.039844 0.054167
4 0.313672 0.516667 0.041406 0.050000
4 0.384766 0.497222 0.033594 0.044444
4 0.362109 0.466667 0.028906 0.038889
4 0.413281 0.448611 0.025000 0.033333
4 0.451562 0.438194 0.018750 0.029167
4 0.385156 0.431944 0.020313 0.027778
4 0.401562 0.418750 0.018750 0.023611
15 0.456250 0.364583 0.020313 0.051389
4 0.422266 0.397222 0.013281 0.019444
4 0.438672 0.409028 0.014844 0.020833
4 0.465625 0.407639 0.015625 0.023611
4 0.523438 0.376389 0.012500 0.019444
15 0.543750 0.372917 0.012500 0.020833
4 0.577344 0.396528 0.015625 0.020833
4 0.582031 0.418750 0.023438 0.026389
4 0.644141 0.545139 0.044531 0.062500
