4 0.324609 0.859028 0.102344 0.156944
4 0.243359 0.752083 0.091406 0.118056
4 0.147656 0.709722 0.093750 0.108333
4 0.284375 0.553472 0.046875 0.056944
4 0.353516 0.556250 0.046094 0.056944
4 0.427734 0.515972 0.032031 0.045833
4 0.329297 0.490278 0.030469 0.044444
4 0.360938 0.465278 0.028125 0.033333
4 0.410547 0.451389 0.022656 0.033333
4 0.451953 0.452083 0.021094 0.034722
4 0.464062 0.426389 0.018750 0.025000
4 0.396875 0.427083 0.021875 0.026389
4 0.412500 0.404861 0.018750 0.020833
4 0.467969 0.402083 0.015625 0.020833
15 0.443359 0.381250 0.025781 0.065278
4 0.558203 0.402083 0.016406 0.023611
4 0.617969 0.446528 0.021875 0.031944
15 0.723047 0.668750 0.089844 0.162500
4 0.899609 0.795833 0.111719 0.152778
