4 0.260937 0.719444 0.079687 0.111111
4 0.382812 0.681250 0.067187 0.093056
4 0.212109 0.628472 0.069531 0.084722
4 0.328906 0.496528 0.037500 0.048611
4 0.430469 0.511111 0.034375 0.052778
4 0.396875 0.475694 0.026562 0.034722
4 0.372266 0.453472 0.024219 0.034722
4 0.420703 0.437500 0.022656 0.030556
4 0.455469 0.426389 0.018750 0.025000
4 0.392188 0.425000 0.020313 0.027778
4 0.406641 0.413889 0.017969 0.025000
4 0.426563 0.393750 0.014063 0.018056
4 0.441016 0.404861 0.014844 0.020833
4 0.467578 0.400694 0.014844 0.020833
15 0.458984 0.363194 0.019531 0.051389
4 0.525781 0.386806 0.014063 0.020833
15 0.546484 0.381250 0.013281 0.023611
4 0.585938 0.409028 0.015625 0.023611
4 0.600781 0.439583 0.023438 0.031944
4 0.710938 0.655556 0.067187 0.100000
