4 0.100000 0.952778 0.160938 0.094444
4 0.350391 0.783333 0.085156 0.119444
16 0.360547 0.609722 0.025781 0.075000
4 0.419922 0.547222 0.036719 0.058333
4 0.286719 0.545833 0.046875 0.055556
15 0.356250 0.504167 0.089063 0.175000
15 0.342187 0.452778 0.054688 0.105556
4 0.446484 0.473611 0.025781 0.038889
4 0.404297 0.462500 0.024219 0.033333
4 0.423438 0.433333 0.020313 0.027778
4 0.457422 0.429861 0.021094 0.026389
4 0.414453 0.404167 0.013281 0.022222
4 0.468750 0.398611 0.014063 0.019444
15 0.558984 0.359722 0.016406 0.038889
4 0.539062 0.434722 0.018750 0.030556
4 0.575000 0.396528 0.014063 0.018056
4 0.533594 0.402778 0.015625 0.022222
4 0.550000 0.386806 0.014063 0.018056
4 0.594531 0.469444 0.025000 0.036111
15 0.639453 0.738889 0.086719 0.186111
4 0.787109 0.653472 0.078906 0.101389
