15 0.242969 0.668056 0.217188 0.380556
4 0.160156 0.686111 0.090625 0.097222
4 0.376172 0.687500 0.067969 0.102778
15 0.290234 0.502083 0.092969 0.145833
4 0.370312 0.522917 0.037500 0.048611
4 0.430469 0.534028 0.037500 0.051389
4 0.446484 0.466667 0.027344 0.036111
4 0.402734 0.469444 0.028906 0.038889
4 0.363672 0.461806 0.027344 0.040278
4 0.397266 0.421528 0.019531 0.026389
4 0.461328 0.418750 0.017969 0.026389
4 0.442188 0.405556 0.015625 0.022222
4 0.417969 0.402778 0.015625 0.022222
4 0.475391 0.384722 0.011719 0.016667
4 0.450000 0.390278 0.012500 0.016667
4 0.427734 0.387500 0.011719 0.016667
4 0.559766 0.406944 0.014844 0.022222
4 0.527734 0.390278 0.011719 0.019444
4 0.560547 0.377083 0.011719 0.015278
4 0.541797 0.369444 0.010156 0.013889
15 0.552734 0.352778 0.011719 0.030556
15 0.545703 0.445833 0.024219 0.044444
4 0.630078 0.463194 0.028906 0.040278
15 0.634766 0.538889 0.046094 0.080556
4 0.793750 0.872222 0.139063 0.227778
4 0.860938 0.730556 0.093750 0.125000
