4 0.308984 0.913889 0.110156 0.172222
16 0.323828 0.688194 0.032031 0.095833
15 0.330859 0.537500 0.114844 0.208333
4 0.408594 0.581944 0.043750 0.063889
4 0.257812 0.579167 0.056250 0.061111
15 0.328516 0.466667 0.063281 0.116667
4 0.441797 0.488194 0.027344 0.040278
4 0.395703 0.479861 0.025781 0.037500
4 0.417969 0.443056 0.021875 0.030556
4 0.454297 0.440278 0.021094 0.027778
4 0.383594 0.439583 0.021875 0.031944
4 0.410156 0.409028 0.017188 0.023611
4 0.467187 0.405556 0.015625 0.025000
4 0.449609 0.394444 0.013281 0.016667
4 0.425781 0.394444 0.012500 0.019444
15 0.555469 0.357639 0.014063 0.034722
4 0.529687 0.391667 0.012500 0.019444
4 0.546094 0.379861 0.010937 0.015278
4 0.569141 0.388194 0.013281 0.018056
4 0.533984 0.415278 0.017969 0.025000
4 0.578125 0.440972 0.018750 0.029167
15 0.582031 0.561111 0.045312 0.094444
15 0.703516 0.551389 0.049219 0.063889
15 0.836328 0.868750 0.155469 0.262500
