15 0.112500 0.688194 0.223438 0.334722
4 0.262500 0.710417 0.082812 0.106944
4 0.378906 0.723611 0.070312 0.111111
4 0.421875 0.549306 0.042188 0.056944
4 0.349609 0.557639 0.044531 0.059722
4 0.301172 0.529167 0.042969 0.061111
4 0.366016 0.456944 0.027344 0.036111
4 0.447656 0.458333 0.025000 0.033333
4 0.420703 0.436806 0.019531 0.029167
4 0.396875 0.427083 0.020313 0.029167
4 0.435156 0.412500 0.017188 0.022222
4 0.464844 0.405556 0.014063 0.019444
15 0.526563 0.381250 0.014063 0.023611
15 0.561719 0.411806 0.017188 0.031944
4 0.546484 0.432639 0.024219 0.034722
4 0.573438 0.397222 0.015625 0.022222
4 0.626172 0.456944 0.024219 0.033333
4 0.710547 0.571528 0.055469 0.073611
