15 0.093750 0.852778 0.185938 0.294444
15 0.175781 0.610417 0.184375 0.248611
4 0.303125 0.638194 0.065625 0.087500
4 0.399219 0.650694 0.057813 0.087500
4 0.428906 0.522917 0.039062 0.051389
4 0.368359 0.530556 0.039844 0.052778
4 0.322656 0.506250 0.037500 0.054167
4 0.452734 0.445833 0.022656 0.030556
4 0.374609 0.445139 0.024219 0.031944
4 0.428125 0.425694 0.018750 0.026389
4 0.403125 0.419444 0.018750 0.025000
4 0.439453 0.406250 0.016406 0.020833
4 0.415234 0.400000 0.014844 0.022222
4 0.467969 0.398611 0.014063 0.019444
15 0.528906 0.391667 0.015625 0.027778
4 0.544922 0.380556 0.011719 0.019444
4 0.563281 0.465278 0.028125 0.044444
15 0.571875 0.428472 0.023438 0.040278
4 0.582812 0.407639 0.017188 0.026389
4 0.651172 0.487500 0.030469 0.038889
4 0.825391 0.715972 0.102344 0.120833
