4 0.305859 0.940972 0.119531 0.118056
4 0.113672 0.936806 0.158594 0.126389
15 0.030078 0.842361 0.058594 0.293056
4 0.399609 0.626389 0.053906 0.077778
4 0.299609 0.648611 0.063281 0.083333
4 0.248047 0.588889 0.057031 0.075000
4 0.343750 0.483333 0.032813 0.041667
4 0.437500 0.490278 0.031250 0.044444
4 0.405859 0.460417 0.024219 0.031944
4 0.380469 0.444444 0.023438 0.030556
4 0.425781 0.427083 0.020313 0.026389
4 0.397656 0.418056 0.017188 0.022222
4 0.411719 0.406944 0.017188 0.022222
4 0.458594 0.419444 0.017188 0.025000
4 0.529687 0.396528 0.015625 0.023611
15 0.550000 0.388194 0.014063 0.026389
4 0.595313 0.421528 0.017188 0.029167
4 0.622656 0.464583 0.028125 0.037500
4 0.869141 0.902083 0.153906 0.195833
