15 0.160547 0.759722 0.319531 0.480556
4 0.076953 0.784028 0.121094 0.126389
4 0.351953 0.767361 0.083594 0.120833
15 0.266406 0.515972 0.109375 0.145833
4 0.352734 0.550000 0.044531 0.058333
4 0.421875 0.562500 0.042188 0.061111
4 0.441797 0.483333 0.030469 0.041667
4 0.393359 0.485417 0.030469 0.040278
4 0.352734 0.472917 0.030469 0.040278
4 0.390234 0.428472 0.021094 0.029167
4 0.459375 0.425694 0.020313 0.026389
4 0.437891 0.410417 0.016406 0.023611
4 0.414062 0.407639 0.015625 0.023611
15 0.538672 0.421528 0.019531 0.037500
4 0.553906 0.397222 0.014063 0.022222
15 0.550781 0.351389 0.012500 0.027778
4 0.525781 0.382639 0.012500 0.018056
4 0.610547 0.440278 0.024219 0.030556
15 0.603906 0.487500 0.034375 0.061111
4 0.648828 0.615972 0.061719 0.095833
4 0.749219 0.600694 0.057813 0.073611
