15 0.081250 0.781944 0.160938 0.408333
4 0.209375 0.807639 0.112500 0.143056
4 0.349609 0.823611 0.092969 0.144444
4 0.329297 0.596528 0.052344 0.070833
4 0.280469 0.554167 0.046875 0.066667
4 0.412891 0.581944 0.046094 0.066667
4 0.443359 0.472917 0.028906 0.043056
4 0.356250 0.467361 0.031250 0.034722
4 0.414453 0.447222 0.024219 0.030556
4 0.389844 0.434722 0.020313 0.027778
4 0.430469 0.418750 0.018750 0.023611
4 0.461719 0.411111 0.017188 0.022222
4 0.403906 0.411111 0.017188 0.022222
4 0.536328 0.412500 0.017969 0.030556
15 0.555078 0.398611 0.016406 0.030556
15 0.524219 0.375000 0.010937 0.022222
4 0.609375 0.437500 0.021875 0.030556
4 0.657422 0.506250 0.038281 0.048611
