15 0.297266 0.587500 0.153906 0.275000
4 0.395703 0.622917 0.053906 0.073611
4 0.214844 0.622222 0.059375 0.075000
15 0.311719 0.481250 0.078125 0.131944
4 0.436328 0.509028 0.033594 0.045833
4 0.383984 0.497917 0.032031 0.043056
4 0.373828 0.450000 0.025781 0.038889
4 0.411328 0.454167 0.025781 0.033333
4 0.451172 0.452778 0.024219 0.030556
4 0.404297 0.414583 0.017969 0.023611
4 0.464062 0.411111 0.015625 0.022222
4 0.530078 0.401389 0.014844 0.019444
15 0.553125 0.355556 0.014063 0.033333
4 0.563672 0.382639 0.010156 0.018056
4 0.543359 0.375000 0.011719 0.016667
4 0.528125 0.382639 0.014063 0.018056
4 0.567969 0.422917 0.017188 0.029167
15 0.558984 0.488889 0.032031 0.063889
4 0.660547 0.499306 0.036719 0.048611
15 0.694141 0.641667 0.072656 0.130556
16 0.264062 0.819444 0.053125 0.138889
