15 0.134766 0.795139 0.267969 0.409722
4 0.308594 0.906944 0.110937 0.169444
15 0.226562 0.551389 0.139063 0.180556
4 0.331641 0.588194 0.052344 0.068056
4 0.412109 0.602778 0.049219 0.072222
4 0.436328 0.501389 0.030469 0.044444
4 0.380859 0.506250 0.033594 0.045833
4 0.338281 0.488889 0.032813 0.047222
4 0.382812 0.435417 0.021875 0.029167
4 0.455859 0.436806 0.021094 0.031944
4 0.433203 0.418056 0.017969 0.025000
4 0.408203 0.412500 0.017969 0.025000
4 0.442969 0.399306 0.015625 0.020833
4 0.419531 0.396528 0.014063 0.023611
4 0.470313 0.393056 0.014063 0.019444
15 0.532422 0.402778 0.016406 0.033333
4 0.549219 0.386806 0.012500 0.018056
4 0.594531 0.420139 0.018750 0.029167
15 0.583984 0.452083 0.025781 0.045833
4 0.590625 0.513889 0.039062 0.061111
4 0.685937 0.527778 0.037500 0.052778
