4 0.315625 0.893056 0.110937 0.188889
4 0.391406 0.649306 0.054688 0.081944
4 0.274219 0.553472 0.051562 0.068056
15 0.350000 0.520833 0.090625 0.155556
4 0.434766 0.509028 0.033594 0.048611
4 0.448828 0.472222 0.025781 0.030556
4 0.401562 0.473611 0.023438 0.038889
4 0.391016 0.426389 0.019531 0.025000
15 0.432422 0.397917 0.032031 0.068056
15 0.410156 0.387500 0.026562 0.050000
4 0.464062 0.423611 0.017188 0.025000
4 0.527344 0.395833 0.014063 0.019444
4 0.570703 0.392361 0.011719 0.018056
4 0.541406 0.422917 0.020313 0.029167
4 0.585938 0.409028 0.014063 0.023611
15 0.612500 0.420833 0.043750 0.088889
4 0.568359 0.518056 0.033594 0.050000
4 0.683594 0.534722 0.039062 0.058333
4 0.609375 0.659722 0.057813 0.100000
4 0.720313 0.686806 0.076563 0.115278
4 0.827344 0.703472 0.084375 0.101389
