15 0.286719 0.611111 0.154688 0.266667
4 0.189062 0.642361 0.071875 0.098611
4 0.347266 0.803472 0.083594 0.134722
4 0.416406 0.563889 0.042188 0.066667
4 0.377344 0.511806 0.035937 0.045833
4 0.439063 0.506944 0.032813 0.038889
4 0.457031 0.442361 0.020313 0.029167
16 0.434766 0.445833 0.011719 0.036111
4 0.375000 0.445833 0.023438 0.030556
15 0.399609 0.401389 0.032031 0.063889
15 0.421484 0.412500 0.039844 0.086111
4 0.465625 0.410417 0.015625 0.023611
4 0.532813 0.397222 0.017188 0.025000
4 0.523438 0.379167 0.014063 0.016667
4 0.561719 0.380556 0.010937 0.016667
4 0.571484 0.390972 0.008594 0.018056
15 0.589063 0.395833 0.029687 0.066667
4 0.544922 0.444444 0.022656 0.033333
4 0.614844 0.455556 0.025000 0.036111
4 0.556641 0.492361 0.028906 0.043056
4 0.611719 0.501389 0.032813 0.047222
4 0.676953 0.520833 0.038281 0.044444
4 0.675391 0.810417 0.086719 0.162500
