15 0.121875 0.831250 0.242188 0.337500
4 0.367578 0.713194 0.072656 0.115278
4 0.309375 0.629861 0.060937 0.079167
4 0.410547 0.596528 0.046094 0.059722
4 0.440625 0.481944 0.025000 0.038889
16 0.409766 0.499306 0.011719 0.045833
4 0.340625 0.484028 0.031250 0.040278
15 0.396484 0.445139 0.055469 0.109722
15 0.375391 0.421528 0.038281 0.079167
4 0.457031 0.436111 0.018750 0.027778
4 0.428516 0.429167 0.011719 0.025000
4 0.467578 0.406250 0.014844 0.020833
4 0.437500 0.410417 0.015625 0.023611
4 0.426563 0.390278 0.012500 0.019444
4 0.475000 0.384028 0.012500 0.015278
15 0.570312 0.374306 0.021875 0.045833
4 0.525781 0.374306 0.010937 0.015278
4 0.530078 0.395833 0.013281 0.016667
4 0.532031 0.413889 0.017188 0.022222
4 0.566016 0.404167 0.016406 0.022222
4 0.566797 0.420833 0.017969 0.022222
4 0.603516 0.434028 0.019531 0.026389
4 0.552344 0.467361 0.025000 0.037500
4 0.582031 0.579167 0.039062 0.066667
4 0.742188 0.718056 0.076563 0.122222
