4 0.350781 0.778472 0.084375 0.143056
4 0.405859 0.603472 0.046094 0.068056
4 0.299219 0.526389 0.043750 0.061111
15 0.367578 0.493750 0.072656 0.134722
4 0.441016 0.488194 0.028906 0.043056
4 0.452734 0.458333 0.022656 0.027778
4 0.412109 0.459028 0.021094 0.031944
4 0.398047 0.419444 0.019531 0.022222
4 0.467578 0.415972 0.016406 0.023611
15 0.414844 0.384722 0.025000 0.050000
15 0.437109 0.391667 0.028906 0.063889
4 0.473047 0.393750 0.013281 0.018056
4 0.524219 0.381944 0.010937 0.016667
4 0.560156 0.375694 0.010937 0.018056
4 0.544141 0.376389 0.010156 0.016667
4 0.530469 0.406250 0.015625 0.020833
4 0.576562 0.400000 0.012500 0.019444
4 0.547266 0.443056 0.021094 0.036111
4 0.594922 0.419444 0.016406 0.025000
15 0.628125 0.438194 0.051562 0.101389
4 0.591797 0.589583 0.047656 0.073611
4 0.748828 0.613889 0.058594 0.086111
4 0.696875 0.906250 0.120313 0.187500
4 0.896875 0.933333 0.156250 0.133333
