4 0.306641 0.924306 0.114844 0.151389
15 0.219531 0.706944 0.234375 0.383333
4 0.103125 0.729167 0.064062 0.116667
4 0.403906 0.600694 0.050000 0.073611
4 0.360547 0.541667 0.041406 0.055556
4 0.431641 0.529861 0.036719 0.043056
4 0.364453 0.456250 0.025781 0.031944
4 0.451562 0.454861 0.021875 0.031944
15 0.414062 0.422222 0.042188 0.091667
15 0.392188 0.408333 0.034375 0.069444
4 0.463672 0.418056 0.017969 0.025000
4 0.439063 0.413889 0.010937 0.022222
4 0.444531 0.397917 0.012500 0.018056
4 0.471875 0.394444 0.014063 0.019444
4 0.529297 0.387500 0.013281 0.019444
15 0.581250 0.387500 0.026562 0.058333
4 0.539062 0.424306 0.020313 0.029167
4 0.594141 0.434028 0.021094 0.031944
4 0.544922 0.456250 0.024219 0.034722
4 0.589453 0.463889 0.025781 0.036111
4 0.642969 0.480556 0.029687 0.036111
4 0.598437 0.598611 0.045312 0.077778
