4 0.373828 0.692361 0.067969 0.109722
4 0.417969 0.565278 0.040625 0.055556
4 0.321484 0.502778 0.038281 0.052778
15 0.383984 0.473611 0.061719 0.111111
4 0.445312 0.470139 0.026562 0.037500
4 0.456250 0.444444 0.021875 0.025000
4 0.419531 0.445833 0.017188 0.030556
15 0.441797 0.386111 0.027344 0.061111
15 0.418750 0.383333 0.023438 0.052778
4 0.469531 0.409722 0.014063 0.022222
4 0.526953 0.389583 0.011719 0.018056
4 0.562891 0.379167 0.011719 0.016667
4 0.546875 0.381944 0.012500 0.016667
4 0.534375 0.423611 0.017188 0.027778
4 0.583203 0.411111 0.014844 0.022222
4 0.555859 0.472917 0.027344 0.045833
4 0.608203 0.434028 0.021094 0.026389
15 0.653516 0.463889 0.069531 0.127778
4 0.645703 0.759028 0.083594 0.140278
4 0.897266 0.797917 0.114844 0.159722
4 0.067969 0.980556 0.134375 0.038889
