15 0.323047 0.556944 0.116406 0.208333
4 0.238281 0.591667 0.062500 0.077778
4 0.426172 0.533333 0.038281 0.055556
4 0.390625 0.491667 0.029687 0.041667
4 0.443750 0.487500 0.029687 0.033333
4 0.383594 0.435417 0.021875 0.026389
4 0.459375 0.433333 0.018750 0.025000
16 0.441016 0.433333 0.008594 0.030556
15 0.427734 0.405556 0.036719 0.075000
15 0.404297 0.391667 0.028906 0.052778
4 0.467969 0.406250 0.015625 0.020833
4 0.525391 0.385417 0.013281 0.018056
4 0.554688 0.367361 0.009375 0.012500
4 0.565234 0.384722 0.011719 0.019444
4 0.535547 0.409028 0.016406 0.026389
4 0.577734 0.397917 0.010156 0.020833
15 0.599219 0.406250 0.035937 0.073611
4 0.553516 0.472222 0.025781 0.038889
4 0.641406 0.485417 0.031250 0.043056
4 0.573828 0.548611 0.038281 0.063889
4 0.646484 0.561806 0.044531 0.068056
4 0.727734 0.583333 0.050781 0.061111
4 0.373047 0.715972 0.066406 0.101389
