4 0.294531 0.922222 0.123438 0.155556
4 0.199219 0.822917 0.117188 0.143056
4 0.376172 0.701389 0.071094 0.091667
16 0.382422 0.561806 0.021094 0.062500
4 0.428906 0.521528 0.032813 0.045833
4 0.307812 0.520139 0.040625 0.045833
15 0.371094 0.481944 0.075000 0.144444
15 0.354297 0.439583 0.049219 0.090278
4 0.450000 0.459722 0.023438 0.033333
4 0.414453 0.450694 0.016406 0.029167
4 0.428906 0.423611 0.018750 0.025000
4 0.460547 0.421528 0.017969 0.023611
4 0.419141 0.397917 0.013281 0.020833
4 0.470313 0.392361 0.014063 0.020833
15 0.562109 0.363194 0.014844 0.043056
4 0.525781 0.379861 0.012500 0.015278
4 0.526563 0.393056 0.012500 0.016667
4 0.548828 0.384028 0.010156 0.015278
4 0.554297 0.395833 0.013281 0.019444
4 0.538281 0.418056 0.018750 0.027778
4 0.582422 0.406944 0.014844 0.022222
4 0.546875 0.462500 0.023438 0.036111
4 0.617188 0.506944 0.031250 0.047222
4 0.937891 0.861111 0.124219 0.188889
