15 0.151562 0.782639 0.301563 0.434722
4 0.389062 0.647222 0.059375 0.091667
4 0.339062 0.577778 0.050000 0.066667
4 0.423047 0.559028 0.041406 0.054167
4 0.446484 0.465972 0.024219 0.034722
4 0.353516 0.469444 0.028906 0.036111
15 0.406250 0.432639 0.046875 0.101389
15 0.384375 0.413194 0.037500 0.073611
4 0.460156 0.426389 0.018750 0.025000
4 0.433594 0.421528 0.010937 0.026389
4 0.441406 0.404167 0.015625 0.022222
4 0.470313 0.400000 0.012500 0.019444
4 0.528125 0.379861 0.012500 0.018056
15 0.575391 0.380556 0.024219 0.052778
4 0.534375 0.409028 0.017188 0.023611
4 0.537891 0.432639 0.019531 0.029167
4 0.578906 0.417361 0.018750 0.026389
4 0.576562 0.438889 0.020313 0.030556
4 0.621484 0.454167 0.024219 0.030556
4 0.569531 0.515972 0.031250 0.051389
4 0.639453 0.759722 0.071094 0.133333
