15 0.070703 0.906250 0.139844 0.187500
4 0.339844 0.804861 0.092188 0.151389
4 0.269141 0.698611 0.078906 0.097222
4 0.396484 0.636806 0.057031 0.073611
16 0.400000 0.526389 0.017188 0.055556
4 0.326953 0.499306 0.035156 0.043056
4 0.435937 0.499306 0.029687 0.043056
15 0.385156 0.461806 0.062500 0.126389
15 0.365625 0.431944 0.045312 0.088889
4 0.453516 0.446528 0.021094 0.029167
4 0.422266 0.438889 0.014844 0.027778
4 0.433984 0.415972 0.016406 0.023611
4 0.463281 0.413194 0.017188 0.023611
4 0.423828 0.393750 0.013281 0.018056
4 0.473047 0.388889 0.013281 0.019444
15 0.565625 0.370139 0.018750 0.040278
4 0.524609 0.370139 0.010156 0.015278
4 0.528516 0.387500 0.013281 0.016667
4 0.528906 0.403472 0.014063 0.020833
4 0.557422 0.391667 0.013281 0.016667
4 0.559375 0.407639 0.015625 0.023611
4 0.592187 0.418056 0.015625 0.025000
4 0.544141 0.440278 0.019531 0.030556
4 0.558594 0.506250 0.028125 0.045833
4 0.660547 0.579861 0.046094 0.068056
