4 0.245703 0.729167 0.086719 0.122222
15 0.132422 0.677083 0.263281 0.395833
4 0.414453 0.552778 0.039844 0.077778
4 0.447266 0.488889 0.028906 0.038889
4 0.391016 0.484722 0.027344 0.036111
4 0.360156 0.458333 0.028125 0.030556
4 0.413281 0.445833 0.023438 0.033333
4 0.457813 0.427778 0.020313 0.027778
4 0.591797 0.423611 0.017969 0.025000
4 0.548438 0.386111 0.012500 0.016667
15 0.632031 0.463194 0.029687 0.048611
4 0.598437 0.490278 0.028125 0.036111
4 0.573438 0.550000 0.034375 0.058333
4 0.714063 0.572917 0.050000 0.065278
4 0.669922 0.806250 0.088281 0.168056
4 0.417969 0.398611 0.015625 0.019444
