15 0.106250 0.761111 0.210938 0.477778
4 0.166406 0.865972 0.129688 0.179167
4 0.400000 0.594444 0.048438 0.097222
4 0.376953 0.507639 0.030469 0.045833
4 0.345703 0.475000 0.030469 0.036111
4 0.403906 0.458333 0.026562 0.038889
4 0.440625 0.511111 0.031250 0.041667
4 0.453906 0.438889 0.020313 0.036111
4 0.583594 0.412500 0.014063 0.019444
15 0.614062 0.441667 0.023438 0.041667
4 0.580859 0.455556 0.022656 0.027778
4 0.555078 0.490972 0.025781 0.043056
4 0.667969 0.513889 0.034375 0.047222
4 0.600000 0.599306 0.048438 0.076389
4 0.738672 0.723611 0.083594 0.127778
4 0.544922 0.379861 0.011719 0.015278
