4 0.170313 0.863194 0.128125 0.165278
4 0.029297 0.900694 0.057031 0.131944
4 0.390234 0.637500 0.057031 0.091667
4 0.426563 0.537500 0.035937 0.050000
4 0.337500 0.484028 0.032813 0.045833
15 0.394922 0.451389 0.053906 0.108333
4 0.450781 0.456944 0.023438 0.033333
4 0.458984 0.435417 0.019531 0.023611
4 0.425391 0.434722 0.013281 0.027778
4 0.471484 0.403472 0.014844 0.020833
15 0.423438 0.377083 0.023438 0.045833
15 0.446094 0.381944 0.025000 0.055556
4 0.476953 0.383333 0.011719 0.013889
15 0.558594 0.370833 0.010937 0.019444
4 0.527344 0.380556 0.012500 0.016667
4 0.549609 0.389583 0.011719 0.018056
4 0.528906 0.398611 0.014063 0.019444
4 0.566406 0.385417 0.012500 0.018056
4 0.540234 0.442361 0.021094 0.031944
4 0.592578 0.421528 0.017969 0.023611
4 0.622266 0.451389 0.022656 0.030556
4 0.570703 0.515278 0.035156 0.058333
15 0.687109 0.500000 0.094531 0.166667
