4 0.311328 0.945139 0.116406 0.109722
4 0.249219 0.725000 0.087500 0.119444
4 0.098437 0.769444 0.115625 0.119444
4 0.404687 0.590972 0.046875 0.076389
4 0.434375 0.510417 0.032813 0.043056
4 0.352344 0.465972 0.029687 0.040278
15 0.405469 0.436806 0.046875 0.093056
4 0.453906 0.445139 0.021875 0.029167
4 0.462109 0.425000 0.017969 0.022222
4 0.528516 0.387500 0.013281 0.016667
4 0.571094 0.391667 0.012500 0.019444
4 0.554297 0.397917 0.014844 0.020833
4 0.532813 0.409722 0.017188 0.022222
4 0.603516 0.437500 0.019531 0.027778
4 0.547656 0.472917 0.025000 0.037500
4 0.642969 0.477778 0.028125 0.038889
4 0.597266 0.593056 0.050781 0.088889
15 0.748437 0.561111 0.146875 0.236111
