4 0.313281 0.851389 0.106250 0.188889
4 0.414844 0.607639 0.048438 0.068056
4 0.314453 0.613889 0.052344 0.069444
4 0.291797 0.536111 0.042969 0.052778
4 0.371094 0.516667 0.035937 0.052778
4 0.439453 0.484722 0.028906 0.047222
4 0.391797 0.424306 0.019531 0.029167
4 0.454688 0.443056 0.020313 0.027778
15 0.432812 0.399306 0.031250 0.065278
15 0.582812 0.401389 0.015625 0.027778
4 0.555469 0.404167 0.015625 0.022222
4 0.532813 0.415278 0.017188 0.025000
4 0.547266 0.443056 0.021094 0.030556
4 0.605078 0.435417 0.019531 0.031944
4 0.594141 0.472917 0.025781 0.037500
4 0.575000 0.535417 0.032813 0.054167
4 0.942578 0.849306 0.114844 0.173611
4 0.716406 0.580556 0.050000 0.066667
