4 0.355469 0.725694 0.075000 0.140278
4 0.339844 0.568750 0.043750 0.056944
4 0.425391 0.569444 0.042969 0.058333
4 0.312500 0.512500 0.039062 0.047222
4 0.384375 0.494444 0.032813 0.047222
4 0.444922 0.465278 0.027344 0.038889
4 0.398828 0.416667 0.021094 0.030556
4 0.457422 0.431944 0.019531 0.025000
15 0.437891 0.393750 0.027344 0.059722
15 0.591016 0.411806 0.017969 0.031944
4 0.561328 0.416667 0.014844 0.022222
4 0.537891 0.433333 0.017969 0.030556
4 0.555859 0.472917 0.025781 0.040278
4 0.619922 0.453472 0.022656 0.031944
4 0.617188 0.513194 0.034375 0.051389
4 0.605469 0.625694 0.050000 0.081944
4 0.794141 0.677778 0.075781 0.102778
