15 0.069531 0.765972 0.137500 0.373611
4 0.382031 0.645139 0.059375 0.109722
4 0.432812 0.536111 0.034375 0.047222
4 0.361719 0.532639 0.035937 0.051389
4 0.331250 0.490278 0.034375 0.041667
4 0.395703 0.473611 0.027344 0.038889
4 0.449609 0.450694 0.024219 0.034722
4 0.404297 0.411806 0.016406 0.023611
4 0.460547 0.422222 0.017969 0.022222
15 0.441797 0.388194 0.025781 0.054167
4 0.576562 0.402778 0.014063 0.022222
15 0.601172 0.425694 0.021094 0.034722
4 0.570703 0.434722 0.019531 0.027778
4 0.544141 0.456944 0.021094 0.036111
4 0.639844 0.481250 0.028125 0.043056
4 0.572266 0.520833 0.033594 0.050000
4 0.658594 0.584722 0.050000 0.069444
4 0.691406 0.870833 0.101562 0.191667
4 0.950000 0.904167 0.100000 0.191667
