4 0.273828 0.680556 0.066406 0.083333
4 0.400391 0.659028 0.058594 0.081944
4 0.262500 0.572917 0.053125 0.062500
4 0.352734 0.547917 0.044531 0.059722
4 0.431641 0.503472 0.033594 0.048611
4 0.450781 0.456250 0.023438 0.031944
4 0.383203 0.433333 0.024219 0.030556
15 0.426953 0.408333 0.035156 0.072222
4 0.539844 0.422917 0.018750 0.026389
4 0.528516 0.400694 0.013281 0.020833
15 0.576562 0.393750 0.014063 0.023611
4 0.592578 0.420139 0.017969 0.026389
4 0.578516 0.443750 0.019531 0.029167
4 0.555859 0.481250 0.025781 0.040278
4 0.668750 0.520139 0.035937 0.051389
4 0.636328 0.775000 0.082031 0.147222
4 0.787109 0.652083 0.067969 0.087500
