15 0.918359 0.783333 0.163281 0.433333
4 0.217578 0.779167 0.091406 0.116667
4 0.382422 0.725694 0.069531 0.101389
4 0.226172 0.615278 0.064844 0.075000
4 0.329688 0.586806 0.051562 0.073611
4 0.424609 0.527083 0.036719 0.056944
4 0.374609 0.442361 0.025781 0.034722
4 0.446484 0.470833 0.025781 0.033333
15 0.421484 0.415972 0.036719 0.079167
4 0.459375 0.425694 0.018750 0.026389
4 0.535547 0.407639 0.016406 0.023611
4 0.584375 0.409028 0.017188 0.023611
4 0.567969 0.424306 0.018750 0.026389
4 0.545312 0.450000 0.020313 0.033333
4 0.640234 0.483333 0.027344 0.038889
4 0.585547 0.601389 0.046094 0.075000
4 0.715234 0.565278 0.046094 0.061111
