4 0.117188 0.934028 0.139063 0.131944
4 0.353125 0.837500 0.092188 0.144444
4 0.172266 0.677778 0.086719 0.097222
4 0.296094 0.644444 0.068750 0.091667
4 0.415234 0.556250 0.041406 0.065278
4 0.440234 0.490278 0.027344 0.041667
4 0.363672 0.454167 0.027344 0.038889
15 0.414062 0.426389 0.040625 0.086111
4 0.457031 0.434028 0.020313 0.029167
4 0.536719 0.425694 0.018750 0.026389
4 0.532031 0.395833 0.015625 0.022222
4 0.559766 0.409028 0.016406 0.023611
4 0.576562 0.399306 0.014063 0.020833
4 0.618359 0.456250 0.021094 0.031944
4 0.561719 0.518056 0.031250 0.050000
4 0.670312 0.511111 0.034375 0.047222
4 0.651563 0.740972 0.087500 0.156944
15 0.860547 0.679167 0.263281 0.388889
