15 0.191016 0.601389 0.214844 0.291667
4 0.291016 0.650000 0.067969 0.097222
4 0.424219 0.521528 0.034375 0.065278
4 0.451562 0.472222 0.023438 0.033333
4 0.401562 0.468056 0.023438 0.033333
4 0.371094 0.447917 0.025000 0.031944
4 0.419141 0.434028 0.022656 0.029167
4 0.460547 0.419444 0.019531 0.027778
4 0.421875 0.393750 0.012500 0.020833
4 0.467578 0.402083 0.013281 0.018056
4 0.552344 0.395833 0.012500 0.019444
4 0.603516 0.438194 0.019531 0.029167
4 0.655859 0.492361 0.036719 0.059722
4 0.623828 0.538194 0.039844 0.048611
4 0.604688 0.654861 0.051562 0.090278
4 0.789453 0.665972 0.072656 0.095833
