15 0.244531 0.545139 0.153125 0.226389
4 0.325391 0.590972 0.052344 0.081944
4 0.431641 0.496528 0.030469 0.051389
4 0.410547 0.452778 0.021094 0.030556
4 0.382812 0.435417 0.021875 0.026389
4 0.455078 0.455556 0.022656 0.030556
4 0.425391 0.425000 0.019531 0.027778
4 0.463672 0.410417 0.017969 0.026389
4 0.558203 0.405556 0.014844 0.022222
4 0.618750 0.459028 0.023438 0.034722
15 0.695312 0.536806 0.048438 0.079167
4 0.673047 0.631250 0.058594 0.076389
4 0.699219 0.918056 0.112500 0.163889
4 0.945703 0.886806 0.108594 0.184722
