4 0.321875 0.923611 0.114062 0.152778
4 0.145703 0.704861 0.092969 0.104167
4 0.314063 0.616667 0.059375 0.088889
4 0.431641 0.534028 0.038281 0.048611
15 0.378516 0.507639 0.039844 0.059722
4 0.321094 0.505556 0.037500 0.041667
4 0.419531 0.434722 0.021875 0.033333
15 0.387500 0.412500 0.045312 0.086111
4 0.462891 0.410417 0.017969 0.029167
4 0.448437 0.395139 0.012500 0.018056
4 0.429688 0.388889 0.012500 0.019444
4 0.473047 0.390972 0.013281 0.018056
4 0.523438 0.376389 0.010937 0.016667
4 0.553125 0.364583 0.009375 0.012500
4 0.564844 0.382639 0.010937 0.018056
4 0.552734 0.400000 0.014844 0.022222
15 0.613281 0.472222 0.064062 0.133333
4 0.560156 0.479167 0.026562 0.041667
4 0.560156 0.514583 0.031250 0.048611
4 0.821484 0.898611 0.127344 0.194444
