4 0.086719 0.945139 0.171875 0.109722
4 0.368359 0.769444 0.074219 0.119444
4 0.212891 0.626389 0.072656 0.083333
4 0.342969 0.565972 0.048438 0.070833
4 0.440625 0.504167 0.035937 0.044444
4 0.391406 0.484722 0.034375 0.052778
4 0.340625 0.482639 0.031250 0.034722
4 0.426563 0.424306 0.020313 0.029167
15 0.396094 0.404167 0.042188 0.077778
4 0.467187 0.402083 0.017188 0.026389
4 0.451953 0.388194 0.011719 0.018056
4 0.434375 0.384722 0.010937 0.016667
4 0.475781 0.386111 0.012500 0.016667
4 0.524609 0.381250 0.013281 0.018056
4 0.569922 0.388889 0.011719 0.022222
4 0.558984 0.412500 0.016406 0.025000
4 0.601172 0.431944 0.019531 0.027778
4 0.555469 0.368056 0.010937 0.013889
4 0.578125 0.534028 0.037500 0.056944
4 0.585156 0.593750 0.045312 0.073611
15 0.649609 0.531250 0.092969 0.181944
