4 0.099609 0.930556 0.174219 0.138889
4 0.388672 0.700694 0.069531 0.095833
15 0.306250 0.621528 0.068750 0.098611
4 0.224219 0.613194 0.065625 0.068056
15 0.351172 0.447222 0.067969 0.119444
4 0.395313 0.475694 0.029687 0.045833
4 0.451953 0.436111 0.024219 0.038889
4 0.415234 0.402778 0.013281 0.019444
4 0.435547 0.412500 0.014844 0.022222
4 0.533984 0.423611 0.016406 0.025000
4 0.540625 0.409722 0.015625 0.025000
4 0.541016 0.377083 0.010156 0.015278
15 0.567187 0.406944 0.032813 0.069444
4 0.605078 0.497917 0.030469 0.043056
4 0.783984 0.661111 0.071094 0.097222
4 0.466797 0.409722 0.014844 0.022222
4 0.473047 0.387500 0.013281 0.019444
4 0.442188 0.396528 0.014063 0.020833
