15 0.188672 0.813889 0.135156 0.188889
4 0.065625 0.797917 0.129688 0.131944
15 0.313672 0.483333 0.099219 0.155556
4 0.369531 0.518750 0.037500 0.056944
4 0.443750 0.461806 0.025000 0.048611
4 0.424609 0.429167 0.017969 0.025000
4 0.401172 0.418056 0.017969 0.022222
4 0.435547 0.408333 0.016406 0.022222
4 0.468359 0.397222 0.016406 0.022222
15 0.553906 0.384722 0.023438 0.052778
4 0.527344 0.395139 0.014063 0.020833
4 0.574219 0.437500 0.018750 0.027778
4 0.667969 0.518750 0.035937 0.051389
15 0.865625 0.732639 0.118750 0.176389
