15 0.084375 0.942361 0.167187 0.115278
4 0.348828 0.551389 0.044531 0.066667
15 0.282422 0.511111 0.119531 0.186111
4 0.437891 0.477778 0.028906 0.052778
4 0.417969 0.440278 0.021875 0.030556
4 0.391797 0.427083 0.021094 0.023611
4 0.458594 0.441667 0.020313 0.027778
4 0.430469 0.416667 0.017188 0.027778
4 0.466016 0.403472 0.016406 0.023611
15 0.549609 0.377778 0.019531 0.044444
4 0.525391 0.386806 0.011719 0.018056
4 0.564063 0.419444 0.015625 0.025000
4 0.638281 0.481944 0.028125 0.038889
15 0.753125 0.601389 0.070312 0.108333
4 0.774609 0.823611 0.108594 0.163889
