4 0.207813 0.793750 0.112500 0.148611
4 0.407813 0.625000 0.054688 0.072222
15 0.337891 0.574306 0.055469 0.081944
4 0.265625 0.567361 0.053125 0.059722
15 0.364453 0.434028 0.058594 0.104167
4 0.404687 0.459722 0.026562 0.038889
4 0.455859 0.425694 0.019531 0.034722
4 0.439844 0.405556 0.014063 0.019444
4 0.420312 0.397917 0.012500 0.018056
4 0.469141 0.403472 0.013281 0.018056
4 0.446094 0.391667 0.012500 0.019444
4 0.543750 0.382639 0.012500 0.015278
15 0.578125 0.420833 0.039062 0.080556
4 0.539453 0.442361 0.019531 0.029167
4 0.544141 0.427778 0.019531 0.027778
4 0.634375 0.550000 0.039062 0.058333
4 0.918750 0.824306 0.123438 0.159722
