4 0.057422 0.820139 0.113281 0.145833
4 0.274609 0.681250 0.078906 0.106944
4 0.421875 0.570139 0.045312 0.059722
4 0.362500 0.536111 0.045312 0.075000
4 0.298828 0.531250 0.042969 0.048611
4 0.412891 0.445139 0.025781 0.034722
15 0.376953 0.422222 0.049219 0.094444
4 0.460547 0.417361 0.019531 0.031944
4 0.444922 0.400000 0.014844 0.022222
4 0.426563 0.392361 0.012500 0.015278
4 0.471484 0.396528 0.013281 0.018056
4 0.547266 0.391667 0.013281 0.019444
4 0.548047 0.472222 0.024219 0.041667
4 0.551172 0.448611 0.021094 0.033333
15 0.592187 0.445833 0.048438 0.102778
4 0.692969 0.659722 0.064062 0.097222
