4 0.136719 0.727083 0.098437 0.104167
4 0.306641 0.625694 0.066406 0.090278
4 0.315234 0.510417 0.041406 0.051389
4 0.419531 0.564583 0.039062 0.059722
4 0.391016 0.480556 0.030469 0.041667
4 0.380078 0.438889 0.022656 0.025000
4 0.455078 0.450000 0.024219 0.030556
4 0.417187 0.440278 0.025000 0.041667
4 0.441016 0.401389 0.014844 0.025000
15 0.417969 0.385417 0.029687 0.062500
4 0.461328 0.376389 0.010156 0.016667
15 0.525391 0.382639 0.011719 0.023611
4 0.564844 0.381944 0.012500 0.016667
4 0.547656 0.382639 0.012500 0.020833
4 0.531250 0.406944 0.017188 0.025000
15 0.549219 0.352083 0.017188 0.029167
4 0.590234 0.413194 0.016406 0.029167
4 0.592578 0.477083 0.028906 0.040278
4 0.660937 0.507639 0.035937 0.051389
