4 0.301953 0.915278 0.108594 0.169444
4 0.257422 0.585417 0.055469 0.065278
4 0.360547 0.536806 0.044531 0.062500
4 0.435937 0.502083 0.029687 0.043056
4 0.351953 0.470139 0.030469 0.040278
4 0.409375 0.448611 0.021875 0.036111
15 0.428125 0.420139 0.020313 0.031944
4 0.398438 0.420833 0.018750 0.025000
4 0.462109 0.427083 0.019531 0.026389
15 0.430469 0.375000 0.028125 0.052778
4 0.449609 0.390972 0.013281 0.023611
15 0.530078 0.400000 0.013281 0.025000
15 0.552734 0.354861 0.021094 0.034722
4 0.539453 0.369444 0.010156 0.013889
4 0.539453 0.439583 0.021094 0.031944
4 0.559375 0.401389 0.015625 0.025000
4 0.574609 0.394444 0.014844 0.025000
4 0.615234 0.443750 0.022656 0.034722
4 0.656641 0.594444 0.053906 0.080556
4 0.780859 0.654861 0.072656 0.104167
