4 0.049219 0.861806 0.096875 0.145833
4 0.262500 0.697222 0.085938 0.113889
4 0.408203 0.609722 0.046094 0.072222
4 0.291797 0.538194 0.044531 0.056944
4 0.379688 0.500694 0.035937 0.051389
4 0.451172 0.465278 0.025781 0.036111
15 0.410547 0.450694 0.027344 0.043056
4 0.368359 0.451389 0.025781 0.030556
4 0.436719 0.407639 0.017188 0.026389
15 0.412891 0.389583 0.033594 0.065278
4 0.471484 0.391667 0.014844 0.025000
4 0.458984 0.381944 0.010156 0.016667
4 0.440625 0.377083 0.009375 0.015278
15 0.523828 0.376389 0.010156 0.019444
4 0.543750 0.375694 0.009375 0.018056
4 0.561328 0.376389 0.011719 0.019444
4 0.528516 0.396528 0.014844 0.020833
4 0.582031 0.403472 0.015625 0.026389
4 0.577734 0.448611 0.024219 0.030556
4 0.634766 0.473611 0.028906 0.038889
4 0.689844 0.863889 0.101562 0.200000
15 0.852344 0.784028 0.295312 0.431944
