4 0.210938 0.638194 0.071875 0.079167
4 0.339453 0.572917 0.052344 0.070833
4 0.429297 0.528472 0.032031 0.054167
4 0.337109 0.487500 0.033594 0.047222
4 0.401562 0.462500 0.026562 0.038889
4 0.389844 0.427778 0.018750 0.025000
4 0.423438 0.427778 0.021875 0.036111
4 0.458984 0.436806 0.022656 0.029167
4 0.445703 0.395139 0.014844 0.023611
15 0.423438 0.379167 0.028125 0.055556
15 0.528516 0.390972 0.013281 0.023611
4 0.534766 0.422222 0.017969 0.027778
15 0.550391 0.352778 0.016406 0.030556
4 0.552734 0.391667 0.013281 0.022222
4 0.569141 0.388194 0.013281 0.020833
4 0.537891 0.364583 0.008594 0.012500
4 0.601953 0.426389 0.019531 0.027778
4 0.617188 0.522917 0.037500 0.051389
4 0.707422 0.563194 0.047656 0.068056
