4 0.251172 0.740278 0.086719 0.108333
4 0.384375 0.650000 0.057813 0.083333
4 0.317969 0.514583 0.039062 0.048611
4 0.391016 0.486111 0.032031 0.047222
4 0.376953 0.441667 0.024219 0.033333
4 0.448047 0.462500 0.024219 0.033333
4 0.423438 0.425694 0.018750 0.029167
4 0.411719 0.405556 0.015625 0.022222
15 0.438672 0.405556 0.017969 0.030556
4 0.467187 0.409722 0.017188 0.022222
15 0.436719 0.366667 0.025000 0.047222
15 0.559766 0.365278 0.016406 0.033333
4 0.544531 0.379861 0.010937 0.015278
4 0.525781 0.384722 0.010937 0.016667
4 0.531250 0.406250 0.015625 0.020833
15 0.537891 0.424306 0.019531 0.031944
4 0.589063 0.414583 0.020313 0.029167
4 0.577344 0.431944 0.020313 0.033333
4 0.557031 0.502083 0.029687 0.051389
4 0.658984 0.495833 0.032031 0.050000
4 0.026562 0.898611 0.051562 0.141667
