4 0.169531 0.885417 0.132812 0.159722
4 0.357031 0.742361 0.075000 0.112500
4 0.292578 0.544444 0.044531 0.055556
4 0.379688 0.508333 0.037500 0.052778
4 0.366016 0.453472 0.027344 0.034722
4 0.442969 0.479167 0.026562 0.036111
4 0.417578 0.435417 0.021094 0.031944
4 0.464453 0.418056 0.019531 0.025000
4 0.405859 0.411111 0.017969 0.022222
15 0.433984 0.411111 0.019531 0.030556
15 0.433203 0.370139 0.027344 0.045833
4 0.453516 0.385417 0.011719 0.020833
15 0.557422 0.361111 0.014844 0.030556
4 0.541797 0.375694 0.010156 0.015278
4 0.524219 0.379167 0.010937 0.016667
4 0.580859 0.404861 0.017969 0.026389
4 0.567969 0.415278 0.017188 0.027778
15 0.534375 0.411806 0.017188 0.029167
4 0.546484 0.465972 0.025781 0.040278
4 0.634375 0.465972 0.026562 0.040278
4 0.742969 0.752778 0.093750 0.136111
4 0.941797 0.864583 0.116406 0.190278
