4 0.125781 0.927778 0.157812 0.144444
4 0.179688 0.670833 0.073438 0.097222
4 0.337109 0.589583 0.050781 0.065278
4 0.419922 0.544444 0.036719 0.055556
4 0.353906 0.472917 0.029687 0.037500
4 0.408984 0.453472 0.027344 0.034722
4 0.395703 0.420139 0.021094 0.026389
4 0.457031 0.436806 0.018750 0.026389
4 0.433984 0.411111 0.013281 0.025000
15 0.446484 0.393056 0.013281 0.025000
4 0.471094 0.397917 0.014063 0.020833
4 0.425391 0.391667 0.013281 0.019444
15 0.442578 0.362500 0.017969 0.041667
4 0.522656 0.370833 0.012500 0.016667
4 0.528906 0.383333 0.010937 0.019444
4 0.530078 0.402083 0.014844 0.020833
4 0.552344 0.394444 0.012500 0.019444
15 0.554688 0.359722 0.014063 0.030556
15 0.568359 0.373611 0.021094 0.038889
15 0.585547 0.402083 0.016406 0.037500
4 0.613672 0.446528 0.025781 0.037500
4 0.539453 0.436806 0.019531 0.031944
15 0.552734 0.469444 0.025781 0.047222
4 0.613672 0.490278 0.032031 0.047222
4 0.608984 0.671528 0.063281 0.115278
4 0.758594 0.614583 0.062500 0.087500
