4 0.187891 0.821528 0.124219 0.165278
4 0.390625 0.676389 0.060937 0.086111
4 0.257031 0.577778 0.056250 0.066667
4 0.362891 0.529861 0.041406 0.056944
4 0.356250 0.466667 0.028125 0.030556
15 0.401172 0.466667 0.030469 0.050000
4 0.446094 0.483333 0.029687 0.038889
15 0.404687 0.396528 0.039062 0.070833
4 0.432422 0.415972 0.017969 0.029167
4 0.455469 0.384722 0.012500 0.019444
4 0.437109 0.381250 0.011719 0.015278
4 0.469531 0.395833 0.014063 0.027778
4 0.526563 0.387500 0.014063 0.019444
4 0.558594 0.371528 0.010937 0.015278
4 0.540625 0.370139 0.010937 0.018056
15 0.523047 0.371528 0.011719 0.018056
4 0.575000 0.393750 0.014063 0.020833
4 0.566016 0.426389 0.019531 0.027778
4 0.613672 0.447917 0.022656 0.031944
4 0.607031 0.623611 0.050000 0.083333
4 0.635938 0.758333 0.075000 0.136111
15 0.714844 0.623611 0.157812 0.288889
