4 0.291016 0.956250 0.124219 0.087500
4 0.227344 0.764583 0.096875 0.126389
4 0.233984 0.606944 0.060156 0.075000
4 0.362891 0.545833 0.041406 0.055556
4 0.430078 0.509028 0.028906 0.045833
4 0.367188 0.454861 0.025000 0.029167
4 0.417187 0.438889 0.025000 0.030556
4 0.403125 0.411111 0.018750 0.022222
4 0.460547 0.425000 0.016406 0.025000
4 0.439453 0.402083 0.014844 0.020833
15 0.449609 0.388194 0.014844 0.023611
4 0.473047 0.390972 0.013281 0.018056
15 0.445703 0.359028 0.019531 0.040278
4 0.523828 0.375694 0.013281 0.020833
15 0.557422 0.362500 0.014844 0.033333
15 0.573828 0.379167 0.022656 0.041667
4 0.557031 0.404167 0.015625 0.022222
4 0.531641 0.390972 0.014844 0.020833
4 0.533203 0.414583 0.016406 0.023611
15 0.596875 0.413194 0.021875 0.045833
4 0.545312 0.458333 0.023438 0.036111
4 0.635547 0.472222 0.033594 0.050000
4 0.566406 0.513889 0.032813 0.066667
4 0.650781 0.552083 0.048438 0.068056
4 0.883594 0.768750 0.109375 0.151389
4 0.704297 0.922222 0.121094 0.155556
