4 0.102734 0.757639 0.099219 0.123611
4 0.304297 0.646528 0.061719 0.079167
4 0.406250 0.586111 0.045312 0.066667
4 0.338672 0.490278 0.033594 0.038889
4 0.401953 0.465972 0.028906 0.040278
4 0.387109 0.429861 0.022656 0.026389
4 0.452734 0.447917 0.021094 0.029167
4 0.429688 0.416667 0.018750 0.027778
15 0.442578 0.399306 0.014844 0.026389
4 0.418359 0.398611 0.013281 0.022222
15 0.440234 0.364583 0.019531 0.043056
4 0.469141 0.402778 0.014844 0.019444
4 0.458984 0.377778 0.011719 0.019444
4 0.527344 0.391667 0.012500 0.019444
4 0.548438 0.386806 0.012500 0.018056
15 0.563672 0.370139 0.019531 0.034722
4 0.578906 0.391667 0.020313 0.038889
4 0.535937 0.422222 0.017188 0.025000
15 0.544531 0.446528 0.021875 0.040278
4 0.600781 0.428472 0.025000 0.034722
4 0.592578 0.456944 0.025781 0.038889
4 0.576172 0.563194 0.042969 0.070833
4 0.698828 0.543056 0.042969 0.061111
