4 0.280859 0.931944 0.135156 0.136111
4 0.301563 0.636806 0.068750 0.090278
4 0.426953 0.536806 0.036719 0.056944
4 0.376172 0.501389 0.035156 0.047222
4 0.354297 0.470139 0.024219 0.040278
4 0.420312 0.440278 0.017188 0.025000
4 0.457813 0.425694 0.017188 0.026389
4 0.408203 0.407639 0.016406 0.023611
4 0.442578 0.397222 0.014844 0.022222
4 0.430859 0.384722 0.011719 0.019444
4 0.473828 0.389583 0.011719 0.018056
4 0.455469 0.379167 0.010937 0.016667
15 0.462109 0.370139 0.010156 0.018056
4 0.482031 0.371528 0.009375 0.015278
4 0.526563 0.384028 0.014063 0.020833
4 0.547266 0.381944 0.013281 0.016667
15 0.580078 0.395139 0.027344 0.054167
4 0.598828 0.428472 0.014844 0.026389
4 0.533203 0.405556 0.014844 0.022222
4 0.536719 0.428472 0.021875 0.031944
4 0.553125 0.469444 0.025000 0.038889
15 0.630469 0.439583 0.051562 0.087500
4 0.619531 0.514583 0.032813 0.045833
4 0.580078 0.568056 0.039844 0.063889
15 0.736328 0.572222 0.066406 0.130556
