4 0.382812 0.696528 0.065625 0.109722
4 0.317188 0.603472 0.054688 0.076389
4 0.301953 0.530556 0.039844 0.052778
4 0.395313 0.487500 0.029687 0.038889
4 0.387891 0.430556 0.021094 0.025000
4 0.444922 0.465972 0.022656 0.034722
4 0.428906 0.420139 0.018750 0.026389
4 0.416406 0.398611 0.015625 0.019444
4 0.466406 0.409028 0.015625 0.020833
4 0.446875 0.392361 0.012500 0.020833
15 0.455859 0.380556 0.013281 0.025000
4 0.476953 0.381250 0.011719 0.015278
4 0.437891 0.379861 0.011719 0.015278
15 0.452344 0.355556 0.015625 0.033333
15 0.564453 0.372222 0.019531 0.038889
15 0.588672 0.395139 0.030469 0.054167
4 0.526953 0.392361 0.016406 0.018056
4 0.526953 0.379167 0.011719 0.016667
4 0.537109 0.412500 0.017969 0.025000
4 0.571875 0.431944 0.018750 0.030556
4 0.543359 0.447917 0.021094 0.031944
15 0.625391 0.447222 0.028906 0.063889
4 0.567969 0.538194 0.035937 0.056944
4 0.710547 0.561111 0.060156 0.083333
4 0.634375 0.711806 0.070312 0.148611
4 0.899219 0.917361 0.148438 0.165278
