4 0.112109 0.937500 0.155469 0.125000
4 0.049609 0.863194 0.097656 0.151389
4 0.337891 0.791667 0.092969 0.130556
4 0.337109 0.579167 0.053906 0.075000
4 0.435937 0.509028 0.031250 0.051389
4 0.390625 0.480556 0.031250 0.041667
4 0.367188 0.453472 0.021875 0.034722
4 0.426953 0.429167 0.017969 0.025000
4 0.461719 0.415278 0.015625 0.022222
4 0.415625 0.400000 0.015625 0.019444
4 0.446875 0.392361 0.014063 0.023611
4 0.435547 0.380556 0.011719 0.019444
4 0.476562 0.384722 0.010937 0.016667
15 0.588281 0.406944 0.031250 0.061111
4 0.528906 0.390972 0.015625 0.020833
4 0.537500 0.418056 0.018750 0.025000
4 0.550781 0.388194 0.012500 0.015278
4 0.544141 0.448611 0.027344 0.036111
4 0.563672 0.503472 0.030469 0.048611
4 0.614844 0.445833 0.023438 0.030556
4 0.654687 0.466667 0.062500 0.105556
4 0.655078 0.576389 0.046094 0.066667
4 0.613281 0.674306 0.059375 0.104167
15 0.840625 0.688889 0.109375 0.194444
