4 0.367188 0.711111 0.070312 0.094444
4 0.048828 0.863194 0.096094 0.148611
4 0.262500 0.579861 0.054688 0.062500
4 0.351172 0.555556 0.044531 0.055556
4 0.421484 0.536111 0.041406 0.050000
4 0.401172 0.464583 0.028906 0.037500
4 0.453906 0.439583 0.020313 0.029167
4 0.424219 0.425000 0.020313 0.027778
4 0.401172 0.415278 0.017969 0.025000
4 0.445703 0.399306 0.013281 0.020833
4 0.433984 0.380556 0.011719 0.016667
4 0.473047 0.388194 0.010156 0.018056
4 0.544141 0.383333 0.011719 0.013889
4 0.543359 0.370833 0.010156 0.013889
4 0.522656 0.372222 0.010937 0.013889
4 0.546094 0.451389 0.025000 0.038889
4 0.597656 0.427083 0.018750 0.026389
4 0.580469 0.439583 0.021875 0.029167
4 0.571094 0.528472 0.031250 0.054167
15 0.654687 0.518056 0.081250 0.152778
4 0.769141 0.634028 0.064844 0.081944
4 0.611719 0.653472 0.065625 0.109722
