4 0.164062 0.878472 0.140625 0.184722
4 0.401562 0.625000 0.051562 0.091667
4 0.339844 0.559722 0.051562 0.061111
4 0.322266 0.506250 0.032031 0.048611
4 0.405078 0.470139 0.024219 0.034722
4 0.449219 0.450000 0.021875 0.030556
4 0.395703 0.422917 0.019531 0.023611
4 0.433203 0.411111 0.019531 0.025000
4 0.421094 0.394444 0.014063 0.022222
4 0.469141 0.401389 0.014844 0.019444
4 0.449609 0.387500 0.011719 0.019444
15 0.457813 0.377083 0.012500 0.020833
15 0.454688 0.354861 0.015625 0.037500
4 0.479297 0.377778 0.011719 0.016667
4 0.524219 0.370833 0.010937 0.016667
4 0.542188 0.370139 0.010937 0.015278
15 0.568750 0.379861 0.023438 0.045833
4 0.529297 0.402083 0.016406 0.026389
4 0.540625 0.425694 0.018750 0.026389
15 0.598828 0.407639 0.036719 0.062500
4 0.582812 0.450000 0.021875 0.033333
4 0.551172 0.474306 0.024219 0.040278
15 0.647656 0.473611 0.037500 0.072222
4 0.589844 0.612500 0.045312 0.080556
4 0.784766 0.647917 0.086719 0.123611
