4 0.330078 0.827083 0.089844 0.129167
4 0.322656 0.607639 0.053125 0.070833
4 0.409766 0.572222 0.047656 0.061111
4 0.391406 0.486111 0.031250 0.044444
4 0.450000 0.451389 0.021875 0.033333
4 0.416797 0.435417 0.022656 0.026389
4 0.393750 0.423611 0.017188 0.030556
4 0.441016 0.404861 0.013281 0.018056
4 0.429688 0.385417 0.012500 0.018056
4 0.455859 0.379167 0.011719 0.016667
4 0.469531 0.393056 0.010937 0.019444
4 0.541797 0.375694 0.011719 0.015278
4 0.521875 0.368056 0.009375 0.011111
4 0.539453 0.431250 0.021094 0.031944
4 0.569922 0.422917 0.017969 0.023611
4 0.583984 0.411111 0.016406 0.025000
4 0.557031 0.484722 0.026562 0.041667
15 0.625391 0.469444 0.058594 0.111111
4 0.579688 0.562500 0.045312 0.077778
4 0.698828 0.550694 0.042969 0.056944
4 0.657813 0.814583 0.089063 0.173611
15 0.879297 0.706944 0.241406 0.355556
4 0.225391 0.621528 0.066406 0.073611
