4 0.217969 0.790972 0.104688 0.118056
4 0.114453 0.756250 0.108594 0.115278
4 0.370312 0.690278 0.070312 0.100000
4 0.358984 0.540278 0.044531 0.061111
4 0.441406 0.485417 0.026562 0.043056
4 0.399219 0.463194 0.028125 0.037500
4 0.377344 0.442361 0.018750 0.034722
4 0.431641 0.420139 0.016406 0.026389
4 0.465625 0.406944 0.014063 0.022222
4 0.419922 0.393750 0.014844 0.020833
4 0.449609 0.387500 0.013281 0.019444
4 0.439063 0.375694 0.009375 0.018056
4 0.477734 0.379861 0.011719 0.015278
4 0.536719 0.365972 0.009375 0.009722
4 0.531250 0.402083 0.015625 0.023611
4 0.555078 0.397917 0.013281 0.020833
4 0.563672 0.389583 0.013281 0.020833
4 0.542188 0.436111 0.021875 0.033333
15 0.595313 0.420833 0.039062 0.072222
4 0.551172 0.473611 0.030469 0.047222
4 0.632422 0.468750 0.027344 0.034722
4 0.578516 0.552083 0.038281 0.062500
15 0.696484 0.505556 0.092969 0.141667
4 0.718750 0.677083 0.067187 0.095833
4 0.683984 0.899306 0.108594 0.201389
