4 0.253516 0.720833 0.088281 0.125000
4 0.417578 0.572222 0.041406 0.066667
4 0.360547 0.528472 0.039844 0.056944
4 0.341016 0.484722 0.028906 0.041667
4 0.413672 0.452778 0.022656 0.030556
4 0.454297 0.436806 0.017969 0.029167
4 0.403516 0.413194 0.017969 0.020833
4 0.438281 0.402778 0.015625 0.022222
4 0.426563 0.388194 0.012500 0.020833
4 0.471875 0.394444 0.012500 0.019444
4 0.453516 0.383333 0.010156 0.016667
15 0.460156 0.373611 0.010937 0.019444
4 0.480469 0.373611 0.010937 0.016667
15 0.458984 0.350000 0.017969 0.030556
4 0.524219 0.377083 0.010937 0.018056
4 0.544141 0.373611 0.010156 0.013889
4 0.530469 0.393750 0.012500 0.018056
4 0.532422 0.415278 0.021094 0.025000
4 0.546875 0.445833 0.021875 0.033333
15 0.575391 0.386806 0.025781 0.048611
15 0.612891 0.420833 0.042969 0.072222
4 0.597656 0.477778 0.025000 0.038889
4 0.563281 0.513889 0.031250 0.050000
15 0.683594 0.512500 0.048438 0.094444
4 0.640234 0.778472 0.077344 0.145833
4 0.935156 0.846528 0.129688 0.223611
