4 0.344922 0.823611 0.092969 0.155556
4 0.280469 0.670139 0.070312 0.098611
4 0.270313 0.564583 0.048438 0.062500
4 0.379688 0.513889 0.035937 0.047222
4 0.437500 0.486806 0.026562 0.043056
4 0.377734 0.443750 0.022656 0.031944
4 0.423438 0.428472 0.020313 0.029167
4 0.409766 0.405556 0.016406 0.025000
4 0.463672 0.415972 0.014844 0.020833
4 0.443750 0.395833 0.014063 0.019444
15 0.452734 0.383333 0.013281 0.022222
4 0.475000 0.386111 0.014063 0.019444
4 0.434375 0.383333 0.014063 0.016667
4 0.449219 0.356250 0.017188 0.034722
4 0.525391 0.384722 0.014844 0.016667
4 0.533203 0.400694 0.014844 0.020833
15 0.560547 0.368056 0.016406 0.036111
15 0.577734 0.386111 0.032031 0.050000
4 0.537891 0.427778 0.019531 0.027778
4 0.563672 0.415972 0.016406 0.023611
15 0.608203 0.428472 0.025781 0.051389
4 0.553125 0.490972 0.026562 0.043056
4 0.662500 0.506944 0.040625 0.061111
4 0.587891 0.575000 0.046094 0.086111
4 0.717187 0.659028 0.071875 0.109722
