4 0.280078 0.952083 0.116406 0.095833
4 0.284766 0.677083 0.071094 0.090278
4 0.180078 0.675694 0.082031 0.087500
4 0.394531 0.617361 0.054688 0.070833
4 0.377344 0.508333 0.037500 0.050000
4 0.446094 0.466667 0.025000 0.038889
4 0.408984 0.447222 0.024219 0.033333
4 0.387500 0.431944 0.018750 0.030556
4 0.437109 0.411111 0.014844 0.019444
4 0.468359 0.400000 0.011719 0.019444
4 0.453125 0.382639 0.010937 0.018056
4 0.425391 0.390278 0.011719 0.016667
4 0.442578 0.371528 0.010156 0.015278
4 0.480469 0.376389 0.009375 0.016667
4 0.538672 0.371528 0.010156 0.012500
4 0.535156 0.415972 0.018750 0.029167
4 0.573828 0.399306 0.014844 0.020833
4 0.561719 0.408333 0.015625 0.022222
4 0.548438 0.456250 0.023438 0.034722
15 0.608203 0.441667 0.047656 0.088889
4 0.562891 0.509722 0.035156 0.058333
4 0.660547 0.503472 0.035156 0.045833
15 0.765625 0.572222 0.146875 0.205556
4 0.605469 0.643056 0.054688 0.097222
4 0.873047 0.915972 0.133594 0.168056
