4 0.030859 0.926389 0.060156 0.133333
4 0.192188 0.665972 0.075000 0.090278
4 0.371875 0.735417 0.071875 0.098611
4 0.405859 0.588889 0.044531 0.061111
4 0.311719 0.522222 0.039062 0.047222
4 0.386719 0.490278 0.031250 0.038889
4 0.439063 0.486806 0.031250 0.037500
4 0.417187 0.438889 0.021875 0.030556
4 0.461328 0.420139 0.016406 0.026389
4 0.436719 0.407639 0.017188 0.023611
4 0.413672 0.403472 0.014844 0.023611
4 0.451953 0.387500 0.011719 0.016667
4 0.526172 0.386806 0.010156 0.018056
4 0.548828 0.380556 0.010156 0.016667
4 0.553125 0.397917 0.014063 0.018056
4 0.560547 0.509028 0.032031 0.054167
4 0.612891 0.496528 0.030469 0.043056
4 0.639844 0.475694 0.026562 0.034722
4 0.627344 0.704861 0.062500 0.120833
15 0.855078 0.786111 0.289844 0.427778
