4 0.373437 0.713889 0.065625 0.094444
4 0.316406 0.616667 0.059375 0.080556
4 0.227734 0.630556 0.071094 0.077778
4 0.295312 0.541667 0.042188 0.052778
4 0.421094 0.560417 0.039062 0.054167
4 0.433594 0.499306 0.029687 0.040278
4 0.356641 0.470139 0.028906 0.034722
4 0.417578 0.438889 0.019531 0.025000
4 0.454688 0.443750 0.021875 0.029167
4 0.435156 0.409722 0.017188 0.025000
4 0.468359 0.398611 0.014844 0.022222
4 0.450000 0.391667 0.012500 0.019444
4 0.544922 0.378472 0.011719 0.015278
4 0.526953 0.386806 0.011719 0.018056
4 0.536719 0.421528 0.017188 0.023611
4 0.562891 0.409028 0.016406 0.023611
4 0.576172 0.438194 0.019531 0.029167
4 0.627344 0.747917 0.076563 0.145833
4 0.791797 0.791667 0.099219 0.144444
4 0.841797 0.718056 0.086719 0.116667
