4 0.297656 0.949306 0.107813 0.101389
4 0.179688 0.852778 0.129688 0.163889
4 0.092188 0.802083 0.131250 0.134722
4 0.233984 0.614583 0.063281 0.073611
4 0.393750 0.659028 0.057813 0.079167
4 0.417578 0.552778 0.039844 0.055556
4 0.328906 0.502778 0.034375 0.041667
4 0.444531 0.469444 0.026562 0.033333
4 0.397656 0.470833 0.028125 0.036111
4 0.423828 0.427083 0.019531 0.029167
4 0.463281 0.411806 0.017188 0.023611
4 0.441406 0.401389 0.014063 0.022222
4 0.418359 0.397222 0.013281 0.022222
4 0.529297 0.394444 0.013281 0.019444
4 0.552734 0.388889 0.013281 0.016667
4 0.558984 0.407639 0.013281 0.020833
4 0.573047 0.554167 0.038281 0.066667
4 0.641016 0.541667 0.041406 0.055556
4 0.673047 0.517361 0.035156 0.045833
4 0.705078 0.911806 0.113281 0.176389
