4 0.408984 0.588889 0.044531 0.063889
4 0.293359 0.550694 0.049219 0.054167
4 0.333203 0.496528 0.032031 0.043056
4 0.369141 0.521528 0.038281 0.054167
4 0.375781 0.447917 0.023438 0.031944
4 0.435937 0.503472 0.029687 0.040278
4 0.445312 0.463889 0.025000 0.033333
4 0.460938 0.420833 0.018750 0.022222
4 0.430078 0.418750 0.016406 0.023611
4 0.444531 0.395833 0.014063 0.022222
4 0.531250 0.404861 0.014063 0.023611
4 0.551562 0.391667 0.014063 0.019444
4 0.525391 0.386111 0.013281 0.016667
4 0.553516 0.470833 0.024219 0.036111
4 0.581250 0.441667 0.023438 0.030556
4 0.609375 0.496528 0.029687 0.045833
