4 0.338281 0.856944 0.106250 0.166667
4 0.059766 0.856250 0.117969 0.154167
4 0.333203 0.503472 0.038281 0.043056
4 0.427344 0.518750 0.031250 0.045833
4 0.399219 0.470139 0.029687 0.037500
4 0.360156 0.463889 0.026562 0.033333
4 0.391016 0.428472 0.022656 0.023611
4 0.453125 0.440278 0.018750 0.027778
4 0.444531 0.466667 0.023438 0.033333
4 0.466797 0.406944 0.014844 0.022222
4 0.441406 0.401389 0.015625 0.022222
4 0.453125 0.386806 0.010937 0.018056
4 0.521875 0.377083 0.010937 0.015278
4 0.537500 0.365972 0.009375 0.012500
4 0.546484 0.383333 0.010156 0.013889
4 0.559766 0.374306 0.011719 0.018056
4 0.533984 0.390972 0.013281 0.018056
4 0.528906 0.406250 0.015625 0.020833
4 0.561328 0.411806 0.017969 0.023611
4 0.541016 0.436111 0.019531 0.027778
4 0.615234 0.500000 0.033594 0.047222
4 0.594141 0.588889 0.044531 0.072222
4 0.695312 0.640972 0.060937 0.093056
