4 0.344141 0.818750 0.086719 0.126389
4 0.267578 0.700000 0.082031 0.108333
4 0.176172 0.694444 0.089844 0.097222
4 0.269922 0.574306 0.049219 0.065278
4 0.410938 0.600694 0.046875 0.065278
4 0.426563 0.522222 0.034375 0.047222
4 0.344531 0.484722 0.029687 0.038889
4 0.408984 0.452083 0.022656 0.029167
4 0.449609 0.453472 0.025781 0.029167
4 0.430469 0.417361 0.017188 0.026389
4 0.466406 0.404861 0.015625 0.023611
4 0.446484 0.396528 0.013281 0.020833
4 0.424609 0.392361 0.011719 0.020833
4 0.533203 0.406944 0.014844 0.022222
4 0.557031 0.397222 0.014063 0.022222
4 0.566406 0.421528 0.017188 0.026389
4 0.593750 0.627083 0.053125 0.093056
4 0.692969 0.629167 0.060937 0.083333
4 0.733594 0.590972 0.051562 0.070833
