4 0.393359 0.638889 0.052344 0.077778
4 0.266406 0.584028 0.057813 0.062500
4 0.349219 0.558333 0.046875 0.063889
4 0.316406 0.515278 0.037500 0.047222
4 0.430078 0.527778 0.033594 0.047222
4 0.365625 0.458333 0.025000 0.030556
4 0.439844 0.478472 0.026562 0.034722
4 0.457813 0.431250 0.020313 0.026389
4 0.424219 0.427083 0.017188 0.023611
4 0.441016 0.402083 0.014844 0.023611
4 0.471094 0.392361 0.012500 0.018056
4 0.453906 0.385417 0.010937 0.015278
4 0.547656 0.384028 0.010937 0.018056
4 0.528906 0.395833 0.012500 0.022222
4 0.523047 0.380556 0.011719 0.016667
4 0.543359 0.442361 0.019531 0.029167
4 0.571094 0.423611 0.018750 0.025000
4 0.590234 0.463194 0.024219 0.037500
4 0.703516 0.947917 0.119531 0.104167
