4 0.299219 0.959722 0.123438 0.080556
4 0.419922 0.547917 0.038281 0.051389
4 0.316016 0.523611 0.041406 0.050000
4 0.348438 0.479167 0.028125 0.036111
4 0.386328 0.492361 0.032031 0.045833
4 0.441016 0.481250 0.027344 0.037500
4 0.383594 0.437500 0.020313 0.027778
4 0.448437 0.450694 0.023438 0.029167
4 0.436328 0.409722 0.013281 0.022222
4 0.464453 0.412500 0.016406 0.019444
4 0.449609 0.390278 0.013281 0.019444
4 0.460156 0.377778 0.010937 0.016667
4 0.475781 0.383333 0.010937 0.016667
4 0.526172 0.395139 0.013281 0.018056
4 0.532031 0.384722 0.010937 0.016667
4 0.545312 0.378472 0.010937 0.015278
4 0.556641 0.401389 0.014844 0.019444
4 0.535547 0.418750 0.016406 0.026389
4 0.595703 0.468056 0.027344 0.036111
4 0.569141 0.516667 0.032031 0.050000
4 0.641797 0.552778 0.042969 0.061111
