4 0.126953 0.745139 0.096094 0.106944
4 0.334375 0.868750 0.098437 0.145833
4 0.389062 0.640972 0.053125 0.076389
4 0.288672 0.549306 0.046094 0.054167
4 0.370703 0.521528 0.036719 0.045833
4 0.430859 0.510417 0.036719 0.045833
4 0.411328 0.451389 0.025781 0.033333
4 0.457813 0.429861 0.017188 0.029167
4 0.430469 0.415972 0.018750 0.023611
4 0.407813 0.409722 0.014063 0.025000
4 0.449219 0.393056 0.012500 0.019444
4 0.547266 0.388889 0.013281 0.016667
4 0.523828 0.378472 0.010156 0.015278
4 0.545703 0.375000 0.011719 0.013889
4 0.551953 0.475694 0.027344 0.045833
4 0.593359 0.462500 0.024219 0.036111
4 0.615234 0.447222 0.022656 0.027778
4 0.590234 0.590278 0.041406 0.072222
4 0.671094 0.833333 0.109375 0.205556
15 0.707422 0.600000 0.127344 0.236111
4 0.897656 0.791667 0.115625 0.144444
