4 0.144531 0.730556 0.103125 0.105556
4 0.375781 0.725000 0.075000 0.105556
4 0.436719 0.493750 0.029687 0.037500
4 0.349609 0.484028 0.033594 0.040278
4 0.370312 0.450694 0.023438 0.031944
4 0.408594 0.452083 0.025000 0.034722
4 0.450781 0.451389 0.020313 0.027778
4 0.455859 0.429861 0.017969 0.023611
4 0.396094 0.420833 0.018750 0.025000
4 0.468750 0.398611 0.015625 0.019444
4 0.524219 0.382639 0.012500 0.018056
4 0.539844 0.372917 0.009375 0.015278
4 0.552344 0.392361 0.010937 0.018056
4 0.564453 0.381944 0.011719 0.019444
4 0.536328 0.402083 0.016406 0.023611
4 0.532422 0.419444 0.017969 0.025000
4 0.568750 0.427083 0.020313 0.026389
4 0.548828 0.463194 0.021094 0.034722
4 0.648828 0.562500 0.046094 0.063889
4 0.650781 0.761111 0.073438 0.136111
4 0.828516 0.863194 0.122656 0.193056
