4 0.301563 0.641667 0.065625 0.080556
4 0.277344 0.572222 0.050000 0.058333
4 0.405469 0.609722 0.048438 0.066667
4 0.371094 0.515278 0.034375 0.044444
4 0.344141 0.490278 0.033594 0.041667
4 0.448437 0.474306 0.026562 0.034722
4 0.461328 0.417361 0.014844 0.020833
4 0.428125 0.413194 0.018750 0.020833
4 0.412109 0.406250 0.014844 0.020833
4 0.444531 0.393750 0.012500 0.020833
4 0.471484 0.390278 0.011719 0.016667
4 0.546484 0.383333 0.013281 0.016667
15 0.566406 0.383333 0.010937 0.016667
4 0.528516 0.388889 0.011719 0.019444
4 0.533984 0.412500 0.017969 0.025000
4 0.585547 0.407639 0.014844 0.020833
4 0.575000 0.434722 0.018750 0.027778
15 0.547266 0.470139 0.025781 0.048611
4 0.616406 0.510417 0.034375 0.045833
4 0.628125 0.466667 0.025000 0.033333
4 0.589844 0.577083 0.042188 0.070833
4 0.874219 0.905556 0.162500 0.188889
4 0.696094 0.918750 0.110937 0.162500
