4 0.125000 0.929861 0.139063 0.137500
4 0.204297 0.657639 0.080469 0.084722
4 0.396875 0.648611 0.059375 0.083333
4 0.440234 0.477083 0.024219 0.037500
4 0.362891 0.469444 0.030469 0.036111
4 0.378516 0.441667 0.021094 0.027778
4 0.416797 0.438889 0.022656 0.027778
4 0.402344 0.415278 0.018750 0.022222
4 0.453516 0.440278 0.019531 0.025000
4 0.458594 0.421528 0.015625 0.023611
4 0.471094 0.392361 0.014063 0.018056
4 0.449219 0.390972 0.010937 0.018056
4 0.525391 0.389583 0.013281 0.020833
4 0.543359 0.377778 0.010156 0.013889
4 0.558984 0.372222 0.010156 0.016667
4 0.570703 0.388194 0.013281 0.018056
4 0.557031 0.400694 0.015625 0.020833
4 0.539453 0.412500 0.017969 0.022222
4 0.536719 0.437500 0.020313 0.027778
4 0.577734 0.444444 0.021094 0.030556
4 0.560156 0.499306 0.028125 0.045833
4 0.706641 0.661806 0.067969 0.093056
