4 0.167187 0.879167 0.131250 0.161111
4 0.195312 0.668750 0.075000 0.084722
4 0.361719 0.752778 0.079687 0.116667
4 0.321875 0.600000 0.051562 0.075000
4 0.308984 0.534028 0.044531 0.054167
4 0.434375 0.519444 0.034375 0.047222
4 0.403125 0.432639 0.025000 0.026389
4 0.453906 0.436111 0.018750 0.027778
4 0.435937 0.408333 0.015625 0.022222
4 0.419141 0.398611 0.014844 0.022222
4 0.400000 0.417361 0.018750 0.023611
4 0.467187 0.400694 0.015625 0.018056
4 0.464062 0.413194 0.020313 0.023611
4 0.541016 0.370833 0.011719 0.013889
4 0.558984 0.371528 0.010156 0.015278
4 0.525391 0.375000 0.010156 0.013889
4 0.528516 0.390972 0.013281 0.018056
15 0.535156 0.424306 0.018750 0.029167
4 0.557813 0.402778 0.014063 0.022222
4 0.572266 0.390278 0.013281 0.019444
4 0.555469 0.471528 0.026562 0.037500
4 0.581250 0.446528 0.023438 0.031944
4 0.595313 0.422917 0.015625 0.023611
4 0.574219 0.556944 0.035937 0.063889
4 0.648438 0.566667 0.045312 0.066667
4 0.707812 0.945139 0.114062 0.109722
