15 0.175391 0.624306 0.174219 0.248611
4 0.399219 0.631250 0.050000 0.073611
4 0.357812 0.475694 0.029687 0.037500
4 0.390234 0.488194 0.032031 0.043056
4 0.443359 0.488889 0.028906 0.041667
4 0.417578 0.440278 0.021094 0.027778
4 0.387109 0.437500 0.024219 0.030556
4 0.463281 0.424306 0.018750 0.023611
4 0.430469 0.387500 0.012500 0.016667
4 0.453906 0.387500 0.012500 0.016667
4 0.471875 0.393750 0.012500 0.018056
4 0.525391 0.368056 0.011719 0.016667
4 0.561328 0.377778 0.011719 0.016667
4 0.572656 0.390278 0.012500 0.016667
4 0.531641 0.409028 0.017969 0.026389
4 0.542578 0.438194 0.019531 0.031944
4 0.574219 0.432639 0.020313 0.029167
4 0.592969 0.418056 0.017188 0.025000
4 0.567578 0.520139 0.032031 0.059722
4 0.641797 0.479167 0.030469 0.041667
4 0.701562 0.642361 0.060937 0.090278
4 0.956250 0.912500 0.087500 0.163889
4 0.706250 0.915278 0.121875 0.169444
