4 0.294531 0.929861 0.121875 0.140278
4 0.333984 0.585417 0.052344 0.065278
4 0.302734 0.540278 0.041406 0.052778
4 0.416797 0.568056 0.042969 0.058333
4 0.386328 0.490972 0.030469 0.040278
4 0.357422 0.473611 0.028906 0.036111
4 0.451953 0.459722 0.024219 0.030556
4 0.463672 0.410417 0.014844 0.023611
4 0.435547 0.405556 0.017969 0.022222
4 0.416406 0.400694 0.012500 0.018056
4 0.551172 0.390972 0.013281 0.018056
4 0.530859 0.395833 0.014844 0.019444
4 0.570703 0.388889 0.011719 0.016667
4 0.594531 0.418750 0.020313 0.023611
4 0.537891 0.427083 0.016406 0.029167
4 0.588672 0.459028 0.025781 0.037500
4 0.558984 0.504861 0.035156 0.056944
4 0.655469 0.497917 0.031250 0.037500
4 0.648828 0.568056 0.047656 0.066667
4 0.628125 0.693750 0.067187 0.106944
