15 0.106250 0.719444 0.210938 0.352778
4 0.379297 0.695833 0.066406 0.094444
4 0.435547 0.510417 0.032031 0.045833
4 0.375391 0.513194 0.036719 0.045833
4 0.343359 0.494444 0.030469 0.038889
4 0.409375 0.454861 0.025000 0.031944
4 0.378906 0.447917 0.025000 0.031944
4 0.459766 0.434028 0.022656 0.026389
4 0.469531 0.397222 0.014063 0.016667
4 0.448828 0.392361 0.013281 0.018056
4 0.426172 0.391667 0.013281 0.019444
4 0.524609 0.363194 0.010156 0.012500
4 0.557422 0.372917 0.010156 0.012500
4 0.568359 0.383333 0.011719 0.016667
4 0.528125 0.396528 0.015625 0.020833
4 0.537109 0.420139 0.017969 0.023611
4 0.564063 0.414583 0.017188 0.023611
4 0.584375 0.406250 0.015625 0.018056
4 0.553125 0.474306 0.026562 0.045833
4 0.619531 0.452083 0.025000 0.031944
4 0.640234 0.543750 0.039844 0.059722
4 0.612109 0.675000 0.063281 0.125000
4 0.779687 0.656944 0.067187 0.080556
4 0.854688 0.907639 0.145313 0.184722
