4 0.248438 0.735417 0.090625 0.112500
4 0.240625 0.616667 0.060937 0.072222
4 0.387109 0.669444 0.058594 0.083333
4 0.349609 0.551389 0.039844 0.055556
4 0.327734 0.510417 0.036719 0.043056
4 0.442188 0.495139 0.031250 0.040278
4 0.457031 0.426389 0.017188 0.025000
4 0.416406 0.422222 0.021875 0.025000
4 0.405859 0.413194 0.014844 0.026389
4 0.423047 0.393750 0.013281 0.020833
4 0.441016 0.402083 0.014844 0.020833
4 0.468359 0.409028 0.014844 0.018056
4 0.469531 0.394444 0.014063 0.019444
4 0.543359 0.375694 0.011719 0.015278
4 0.561719 0.377083 0.009375 0.015278
4 0.527344 0.380556 0.012500 0.016667
4 0.530859 0.400000 0.014844 0.022222
4 0.578516 0.397917 0.014844 0.018056
4 0.564844 0.417361 0.017188 0.026389
15 0.539453 0.441667 0.022656 0.033333
4 0.608203 0.440278 0.017969 0.025000
4 0.593750 0.471528 0.026562 0.037500
4 0.567578 0.509722 0.030469 0.047222
4 0.605078 0.661111 0.055469 0.100000
4 0.707812 0.665278 0.070312 0.105556
