4 0.348438 0.790278 0.085938 0.122222
15 0.069922 0.792361 0.138281 0.379167
4 0.427344 0.534722 0.034375 0.050000
4 0.357422 0.541667 0.041406 0.055556
4 0.325000 0.514583 0.037500 0.045833
4 0.399609 0.470139 0.027344 0.034722
4 0.368750 0.460417 0.026562 0.034722
4 0.456641 0.443750 0.022656 0.029167
4 0.466016 0.403472 0.014844 0.020833
4 0.443359 0.397917 0.014844 0.020833
4 0.421875 0.397222 0.014063 0.019444
4 0.526953 0.386806 0.013281 0.018056
4 0.564063 0.377778 0.010937 0.013889
4 0.555078 0.370139 0.010156 0.015278
4 0.577344 0.396528 0.012500 0.018056
4 0.557031 0.402778 0.015625 0.025000
4 0.533594 0.406944 0.015625 0.025000
4 0.544531 0.447222 0.023438 0.033333
4 0.578125 0.566667 0.040625 0.077778
4 0.606641 0.434028 0.019531 0.029167
4 0.609766 0.493750 0.030469 0.045833
4 0.702734 0.556250 0.042969 0.051389
4 0.710547 0.678472 0.071094 0.109722
4 0.728125 0.948611 0.114062 0.102778
