4 0.327344 0.892361 0.103125 0.154167
4 0.123828 0.757639 0.100781 0.112500
4 0.282813 0.662500 0.064062 0.080556
4 0.282813 0.565972 0.051562 0.056944
4 0.425000 0.552778 0.042188 0.058333
4 0.449219 0.447917 0.020313 0.031944
4 0.390234 0.443750 0.025781 0.029167
4 0.393750 0.421528 0.017188 0.018056
4 0.430859 0.416667 0.019531 0.027778
4 0.412891 0.404167 0.016406 0.019444
4 0.464844 0.406944 0.015625 0.019444
4 0.460938 0.420833 0.017188 0.019444
4 0.475781 0.382639 0.012500 0.015278
4 0.551953 0.394444 0.013281 0.019444
4 0.566797 0.384028 0.011719 0.018056
4 0.526953 0.383333 0.013281 0.016667
15 0.531250 0.410417 0.017188 0.029167
4 0.548047 0.445139 0.021094 0.031944
4 0.571094 0.426389 0.018750 0.025000
4 0.583984 0.407639 0.014844 0.020833
4 0.554688 0.496528 0.029687 0.045833
4 0.612891 0.504861 0.035156 0.051389
4 0.611719 0.673611 0.056250 0.100000
