4 0.047266 0.881250 0.092969 0.148611
4 0.227344 0.761111 0.089063 0.108333
4 0.414453 0.591667 0.049219 0.069444
4 0.251172 0.601389 0.061719 0.066667
4 0.445312 0.460417 0.021875 0.031944
4 0.376953 0.454861 0.027344 0.029167
4 0.386719 0.433333 0.018750 0.025000
4 0.423438 0.426389 0.021875 0.027778
4 0.407422 0.407639 0.016406 0.020833
4 0.458203 0.429861 0.019531 0.023611
4 0.461719 0.412500 0.017188 0.022222
4 0.525391 0.376389 0.010156 0.016667
4 0.546875 0.384722 0.012500 0.016667
4 0.562891 0.377778 0.010156 0.013889
15 0.528516 0.398611 0.014844 0.022222
4 0.543750 0.425694 0.018750 0.023611
4 0.563672 0.412500 0.016406 0.025000
4 0.576562 0.399306 0.014063 0.018056
4 0.544531 0.461806 0.023438 0.037500
4 0.592969 0.471528 0.026562 0.040278
4 0.578125 0.563194 0.037500 0.059722
4 0.863281 0.911806 0.145313 0.176389
