4 0.355859 0.777083 0.086719 0.123611
4 0.271484 0.688889 0.078906 0.113889
15 0.188672 0.596528 0.211719 0.279167
4 0.427344 0.542361 0.037500 0.054167
4 0.361328 0.534028 0.041406 0.051389
15 0.357422 0.444444 0.050781 0.083333
4 0.451562 0.465278 0.025000 0.030556
4 0.409766 0.410417 0.016406 0.020833
4 0.435547 0.411806 0.016406 0.020833
4 0.463672 0.417361 0.016406 0.020833
4 0.448828 0.391667 0.013281 0.019444
4 0.477344 0.385417 0.014063 0.018056
4 0.424609 0.393750 0.013281 0.018056
4 0.543750 0.377083 0.010937 0.015278
4 0.523047 0.365278 0.010156 0.013889
4 0.555859 0.368056 0.010156 0.013889
4 0.547656 0.356944 0.009375 0.013889
4 0.564453 0.381250 0.013281 0.015278
4 0.562500 0.396528 0.015625 0.020833
4 0.541016 0.425694 0.021094 0.026389
4 0.603906 0.435417 0.020313 0.026389
4 0.649219 0.484028 0.031250 0.037500
4 0.617969 0.691667 0.067187 0.119444
4 0.834375 0.711111 0.092188 0.116667
