15 0.058984 0.793750 0.116406 0.395833
4 0.271875 0.686806 0.079687 0.093056
4 0.381250 0.689583 0.070312 0.095833
4 0.301563 0.500000 0.081250 0.125000
4 0.434375 0.523611 0.031250 0.047222
4 0.389453 0.435417 0.021094 0.026389
4 0.417187 0.440972 0.020313 0.029167
4 0.454688 0.444444 0.020313 0.027778
4 0.435547 0.411111 0.016406 0.022222
4 0.407031 0.411111 0.015625 0.019444
4 0.471094 0.400694 0.014063 0.018056
4 0.530078 0.386806 0.013281 0.018056
4 0.553906 0.373611 0.010937 0.016667
4 0.575781 0.397222 0.015625 0.022222
4 0.595313 0.418750 0.017188 0.020833
4 0.547266 0.468750 0.024219 0.040278
4 0.641016 0.480556 0.027344 0.038889
4 0.583594 0.556944 0.040625 0.066667
4 0.644531 0.552083 0.043750 0.056944
4 0.807813 0.677083 0.075000 0.098611
