15 0.127344 0.681944 0.253125 0.394444
4 0.207422 0.800000 0.113281 0.158333
4 0.307812 0.926389 0.118750 0.147222
4 0.339844 0.570833 0.050000 0.063889
4 0.417187 0.575694 0.043750 0.059722
4 0.446484 0.481944 0.027344 0.036111
15 0.342187 0.458333 0.060937 0.094444
4 0.460547 0.424306 0.017969 0.026389
4 0.429688 0.420139 0.018750 0.023611
4 0.403906 0.418056 0.017188 0.025000
4 0.418359 0.400000 0.014844 0.019444
4 0.443750 0.397917 0.015625 0.020833
4 0.475000 0.390278 0.014063 0.016667
4 0.558594 0.387500 0.012500 0.016667
4 0.534766 0.409722 0.016406 0.022222
4 0.541406 0.372222 0.010937 0.013889
4 0.591797 0.420139 0.017969 0.023611
4 0.625000 0.454861 0.025000 0.031944
4 0.578516 0.568056 0.041406 0.072222
4 0.726562 0.584028 0.051562 0.068056
4 0.714844 0.909028 0.115625 0.181944
4 0.896094 0.930556 0.153125 0.138889
