15 0.241406 0.546528 0.156250 0.223611
4 0.309375 0.622917 0.064062 0.087500
4 0.384375 0.684722 0.064062 0.097222
4 0.434375 0.517361 0.032813 0.048611
4 0.376953 0.508333 0.036719 0.044444
15 0.367969 0.433333 0.046875 0.075000
4 0.453125 0.452778 0.020313 0.027778
4 0.416406 0.403472 0.014063 0.020833
4 0.439844 0.406250 0.015625 0.023611
4 0.466406 0.411111 0.015625 0.022222
4 0.549219 0.359722 0.007812 0.013889
4 0.558203 0.372222 0.010156 0.013889
4 0.546094 0.381250 0.014063 0.015278
4 0.524219 0.369444 0.010937 0.013889
4 0.567187 0.387500 0.014063 0.016667
4 0.566016 0.406250 0.016406 0.020833
4 0.547266 0.447917 0.021094 0.029167
4 0.617969 0.456250 0.025000 0.031944
4 0.681250 0.522917 0.035937 0.051389
4 0.705469 0.926389 0.121875 0.147222
