4 0.236719 0.746528 0.085938 0.112500
4 0.119531 0.742361 0.106250 0.115278
4 0.416016 0.577778 0.047656 0.063889
4 0.357812 0.540972 0.043750 0.062500
15 0.308594 0.486111 0.098437 0.152778
4 0.400000 0.468750 0.028125 0.034722
4 0.444922 0.475694 0.025781 0.031944
15 0.389062 0.412500 0.037500 0.061111
4 0.456641 0.431944 0.017969 0.022222
4 0.427344 0.391667 0.010937 0.016667
4 0.436328 0.381250 0.011719 0.015278
4 0.447656 0.393750 0.012500 0.018056
4 0.470703 0.398611 0.013281 0.019444
4 0.459375 0.377778 0.010937 0.013889
4 0.553906 0.367361 0.009375 0.015278
4 0.546094 0.380556 0.012500 0.019444
4 0.526172 0.380556 0.011719 0.016667
4 0.552344 0.398611 0.014063 0.019444
4 0.565625 0.382639 0.014063 0.018056
4 0.579297 0.403472 0.017969 0.020833
4 0.581250 0.434028 0.021875 0.034722
4 0.577344 0.534722 0.039062 0.058333
4 0.671484 0.522917 0.039844 0.048611
4 0.828516 0.700000 0.082031 0.108333
