4 0.352734 0.787500 0.088281 0.133333
4 0.211328 0.791667 0.114844 0.133333
15 0.273828 0.525000 0.099219 0.150000
4 0.426953 0.549306 0.035156 0.051389
4 0.451953 0.456944 0.022656 0.030556
4 0.410156 0.452778 0.021875 0.030556
4 0.382031 0.447222 0.021875 0.030556
4 0.400781 0.420139 0.017188 0.026389
4 0.430859 0.418750 0.017969 0.026389
4 0.468750 0.407639 0.017188 0.023611
4 0.528125 0.380556 0.012500 0.019444
4 0.552344 0.370833 0.010937 0.016667
4 0.569922 0.390278 0.011719 0.016667
4 0.587109 0.408333 0.016406 0.022222
4 0.541016 0.441667 0.021094 0.033333
4 0.619922 0.454861 0.022656 0.031944
4 0.564063 0.500000 0.028125 0.050000
4 0.610938 0.493750 0.032813 0.043056
4 0.721484 0.574306 0.052344 0.065278
4 0.644141 0.756250 0.078906 0.154167
