4 0.299609 0.932639 0.128906 0.134722
4 0.107422 0.934722 0.164844 0.130556
15 0.230859 0.566667 0.127344 0.183333
4 0.416406 0.586111 0.043750 0.061111
4 0.447266 0.472917 0.024219 0.034722
4 0.401562 0.470139 0.025000 0.034722
4 0.371875 0.459722 0.026562 0.033333
4 0.394141 0.427778 0.021094 0.025000
4 0.424609 0.429861 0.019531 0.026389
4 0.466406 0.414583 0.017188 0.020833
4 0.526563 0.372917 0.012500 0.015278
4 0.564453 0.382639 0.011719 0.015278
4 0.578516 0.398611 0.014844 0.019444
4 0.535937 0.423611 0.018750 0.027778
4 0.550781 0.461111 0.021875 0.033333
4 0.587891 0.457639 0.024219 0.031944
4 0.604297 0.431944 0.017969 0.027778
4 0.590625 0.593056 0.043750 0.083333
4 0.670312 0.513889 0.035937 0.047222
4 0.830469 0.851389 0.117188 0.177778
