15 0.101172 0.754861 0.200781 0.454167
4 0.108984 0.930556 0.166406 0.138889
4 0.313281 0.615972 0.060937 0.073611
4 0.403125 0.622222 0.054688 0.075000
4 0.442188 0.500000 0.028125 0.038889
15 0.325391 0.475000 0.066406 0.105556
4 0.396875 0.425694 0.017188 0.023611
4 0.424609 0.429167 0.017969 0.025000
4 0.414062 0.405556 0.015625 0.019444
4 0.441016 0.403472 0.016406 0.020833
4 0.458984 0.435417 0.019531 0.026389
4 0.473438 0.395833 0.014063 0.019444
4 0.532031 0.397222 0.015625 0.022222
4 0.555859 0.380556 0.010156 0.016667
4 0.582422 0.408333 0.014844 0.019444
4 0.608594 0.437500 0.020313 0.027778
4 0.559766 0.508333 0.032031 0.052778
4 0.674609 0.522222 0.036719 0.052778
4 0.625781 0.668056 0.059375 0.102778
4 0.718359 0.672917 0.072656 0.095833
4 0.972656 0.915278 0.054688 0.169444
