4 0.162891 0.871528 0.117969 0.145833
4 0.042578 0.872222 0.083594 0.161111
4 0.403516 0.619444 0.058594 0.077778
4 0.337500 0.573611 0.056250 0.077778
15 0.282031 0.510417 0.121875 0.176389
4 0.389844 0.485417 0.031250 0.040278
4 0.441016 0.494444 0.030469 0.041667
4 0.455078 0.441667 0.017969 0.027778
15 0.379688 0.422222 0.040625 0.066667
4 0.422266 0.397222 0.011719 0.016667
4 0.443750 0.398611 0.012500 0.016667
4 0.468750 0.404167 0.015625 0.019444
4 0.524609 0.374306 0.010156 0.012500
4 0.543359 0.375000 0.011719 0.013889
4 0.551562 0.362500 0.007812 0.011111
4 0.562109 0.378472 0.010156 0.015278
4 0.549219 0.388889 0.012500 0.011111
4 0.573828 0.395833 0.014844 0.019444
4 0.573047 0.418750 0.017969 0.026389
4 0.559766 0.481944 0.027344 0.038889
4 0.641016 0.483333 0.032031 0.038889
4 0.735156 0.590972 0.054688 0.070833
