4 0.323437 0.868750 0.103125 0.154167
15 0.100000 0.867361 0.198437 0.265278
4 0.196875 0.650694 0.073438 0.084722
4 0.286328 0.660417 0.063281 0.081944
4 0.426953 0.544444 0.038281 0.058333
4 0.374609 0.512500 0.041406 0.058333
15 0.330078 0.464583 0.078906 0.129167
4 0.408984 0.454167 0.027344 0.033333
4 0.449609 0.460417 0.025781 0.031944
4 0.458594 0.422917 0.018750 0.023611
15 0.397656 0.405556 0.032813 0.055556
4 0.528516 0.389583 0.013281 0.018056
4 0.548828 0.388194 0.013281 0.018056
4 0.558203 0.370833 0.010156 0.013889
4 0.569531 0.388194 0.010937 0.018056
4 0.558203 0.409722 0.014844 0.022222
4 0.588281 0.417361 0.018750 0.023611
4 0.593359 0.459722 0.024219 0.036111
4 0.615234 0.642361 0.058594 0.095833
4 0.725391 0.593056 0.055469 0.075000
