4 0.298828 0.926389 0.111719 0.147222
15 0.248047 0.665972 0.121094 0.209722
4 0.176172 0.675694 0.057031 0.090278
4 0.388672 0.650694 0.058594 0.081944
4 0.344922 0.563889 0.046094 0.058333
4 0.283203 0.549306 0.047656 0.051389
4 0.440625 0.496528 0.029687 0.045833
4 0.398438 0.472222 0.029687 0.044444
15 0.362109 0.435417 0.058594 0.104167
4 0.422656 0.430556 0.021875 0.027778
4 0.457422 0.436806 0.021094 0.029167
4 0.465234 0.407639 0.014844 0.020833
15 0.412109 0.392361 0.027344 0.051389
4 0.534766 0.413889 0.016406 0.025000
4 0.558594 0.406944 0.015625 0.019444
4 0.581641 0.405556 0.014844 0.019444
4 0.565234 0.379861 0.013281 0.018056
4 0.574609 0.441667 0.021094 0.030556
4 0.614844 0.452083 0.025000 0.031944
4 0.644922 0.550694 0.042969 0.065278
