4 0.329688 0.871528 0.101562 0.159722
4 0.252344 0.728472 0.089063 0.123611
4 0.209375 0.638889 0.079687 0.083333
4 0.326562 0.588889 0.048438 0.066667
15 0.412891 0.577083 0.060156 0.090278
4 0.432422 0.505556 0.035156 0.050000
4 0.445703 0.467361 0.027344 0.037500
15 0.387500 0.464583 0.045312 0.084722
4 0.360156 0.465972 0.029687 0.037500
4 0.416406 0.446528 0.020313 0.031944
4 0.437109 0.409722 0.019531 0.027778
4 0.463281 0.422917 0.018750 0.026389
15 0.414453 0.386806 0.030469 0.062500
15 0.440625 0.368750 0.017188 0.034722
4 0.450391 0.388889 0.013281 0.019444
4 0.473047 0.392361 0.017969 0.018056
15 0.548438 0.379167 0.012500 0.030556
4 0.524609 0.379167 0.011719 0.019444
4 0.552734 0.477083 0.024219 0.040278
4 0.619141 0.449306 0.022656 0.031944
4 0.688672 0.538889 0.041406 0.050000
4 0.698438 0.631250 0.065625 0.084722
4 0.729297 0.949306 0.113281 0.101389
