4 0.174219 0.872222 0.129688 0.166667
4 0.134375 0.731250 0.110937 0.115278
4 0.296484 0.640278 0.063281 0.080556
15 0.394531 0.635417 0.068750 0.118056
4 0.423828 0.530556 0.042969 0.050000
15 0.376953 0.480556 0.046094 0.091667
4 0.345313 0.486806 0.028125 0.043056
4 0.441406 0.483333 0.029687 0.038889
4 0.408203 0.456250 0.021094 0.031944
4 0.459766 0.431250 0.019531 0.029167
4 0.432422 0.417361 0.019531 0.029167
15 0.407422 0.391667 0.032031 0.066667
15 0.435937 0.370833 0.020313 0.036111
4 0.446094 0.394444 0.015625 0.019444
4 0.472266 0.399306 0.014844 0.018056
4 0.545312 0.374306 0.012500 0.029167
4 0.524219 0.372917 0.010937 0.018056
4 0.541797 0.443056 0.019531 0.033333
4 0.604297 0.429861 0.021094 0.026389
4 0.652734 0.495139 0.032031 0.040278
4 0.641406 0.543056 0.045312 0.061111
4 0.615625 0.671528 0.062500 0.106944
