15 0.327344 0.850000 0.123438 0.225000
4 0.185156 0.836111 0.109375 0.141667
4 0.398438 0.607639 0.051562 0.070833
15 0.345313 0.526389 0.059375 0.116667
4 0.303516 0.535417 0.030469 0.056944
4 0.389453 0.488889 0.027344 0.041667
4 0.427344 0.526389 0.037500 0.050000
4 0.453906 0.451389 0.021875 0.036111
4 0.420703 0.435417 0.022656 0.031944
4 0.438281 0.407639 0.017188 0.023611
4 0.467578 0.411111 0.014844 0.019444
15 0.427734 0.379167 0.022656 0.038889
15 0.392969 0.404861 0.039062 0.076389
4 0.531641 0.407639 0.013281 0.026389
4 0.584375 0.403472 0.015625 0.020833
4 0.589063 0.461111 0.023438 0.036111
4 0.610938 0.444444 0.021875 0.027778
4 0.558594 0.490972 0.028125 0.043056
4 0.646875 0.572917 0.042188 0.062500
4 0.721094 0.585417 0.054688 0.068056
