4 0.379688 0.670139 0.065625 0.090278
4 0.419922 0.554861 0.039844 0.054167
15 0.323047 0.556944 0.071094 0.133333
4 0.273828 0.567361 0.036719 0.065278
4 0.379297 0.509028 0.033594 0.045833
4 0.450000 0.464583 0.025000 0.037500
4 0.415625 0.447917 0.025000 0.037500
15 0.383984 0.414583 0.046094 0.084722
4 0.433594 0.413194 0.018750 0.023611
4 0.464453 0.418056 0.017969 0.022222
15 0.423047 0.381944 0.025781 0.041667
4 0.529297 0.394444 0.013281 0.019444
4 0.576953 0.395139 0.014844 0.018056
4 0.547266 0.455556 0.019531 0.036111
4 0.576172 0.437500 0.021094 0.027778
4 0.599219 0.428472 0.018750 0.026389
4 0.610156 0.509028 0.032813 0.045833
4 0.669141 0.521528 0.039844 0.048611
4 0.874609 0.906944 0.157031 0.186111
