4 0.053906 0.860417 0.106250 0.162500
15 0.371875 0.709722 0.084375 0.158333
4 0.256250 0.713194 0.076563 0.095833
4 0.414062 0.561111 0.042188 0.058333
4 0.435156 0.501389 0.031250 0.041667
15 0.363281 0.500694 0.048438 0.101389
4 0.326953 0.504861 0.027344 0.048611
4 0.400000 0.470833 0.025000 0.036111
4 0.457422 0.440278 0.021094 0.030556
4 0.428516 0.426389 0.021094 0.033333
15 0.401562 0.398611 0.035937 0.072222
15 0.432812 0.374306 0.020313 0.037500
4 0.443359 0.399306 0.016406 0.020833
4 0.469922 0.404861 0.016406 0.020833
4 0.536719 0.423611 0.015625 0.025000
4 0.592578 0.415972 0.017969 0.026389
4 0.627734 0.465278 0.025781 0.033333
4 0.609375 0.493056 0.034375 0.044444
4 0.577734 0.553472 0.041406 0.062500
4 0.726562 0.714583 0.076563 0.115278
4 0.831641 0.720833 0.096094 0.122222
