4 0.148047 0.913194 0.141406 0.173611
4 0.163281 0.702778 0.095312 0.102778
4 0.333594 0.592361 0.053125 0.076389
4 0.292578 0.551389 0.047656 0.061111
4 0.399609 0.643056 0.055469 0.083333
4 0.364453 0.521528 0.035156 0.045833
15 0.431641 0.511806 0.038281 0.068056
4 0.442188 0.466667 0.028125 0.033333
15 0.408594 0.439583 0.031250 0.068056
4 0.383984 0.438194 0.017969 0.029167
4 0.453125 0.442361 0.018750 0.026389
15 0.559766 0.398611 0.017969 0.038889
4 0.528906 0.397222 0.014063 0.019444
4 0.668359 0.508333 0.036719 0.047222
4 0.600000 0.621528 0.051562 0.084722
4 0.853906 0.738889 0.093750 0.105556
