4 0.346875 0.770833 0.081250 0.116667
4 0.405469 0.597222 0.051562 0.066667
4 0.362891 0.533333 0.039844 0.050000
4 0.308984 0.514583 0.038281 0.037500
15 0.292187 0.604861 0.090625 0.165278
4 0.230859 0.615972 0.044531 0.079167
4 0.445703 0.479861 0.028906 0.040278
4 0.407031 0.457639 0.028125 0.040278
15 0.373828 0.423611 0.050781 0.097222
15 0.417578 0.386806 0.025781 0.045833
4 0.428125 0.422222 0.018750 0.025000
4 0.460938 0.426389 0.017188 0.025000
4 0.467578 0.402778 0.016406 0.019444
4 0.526953 0.384722 0.011719 0.016667
4 0.570703 0.387500 0.013281 0.016667
4 0.540234 0.429167 0.017969 0.027778
4 0.566016 0.419444 0.017969 0.027778
4 0.588672 0.414583 0.017969 0.023611
4 0.587891 0.468750 0.024219 0.037500
4 0.635938 0.480556 0.031250 0.038889
4 0.703516 0.652778 0.069531 0.105556
