4 0.063281 0.834722 0.125000 0.150000
4 0.371875 0.729861 0.075000 0.106944
4 0.300000 0.648611 0.064062 0.094444
4 0.257031 0.588889 0.062500 0.069444
4 0.346094 0.553472 0.043750 0.056944
15 0.422656 0.539583 0.045312 0.081944
4 0.438672 0.482639 0.028906 0.034722
4 0.450000 0.452778 0.021875 0.027778
4 0.465625 0.413889 0.015625 0.025000
4 0.422266 0.436806 0.014844 0.029167
15 0.397266 0.451389 0.033594 0.075000
4 0.372656 0.451389 0.020313 0.033333
4 0.441016 0.404167 0.016406 0.025000
15 0.419531 0.381944 0.026562 0.055556
15 0.442969 0.365278 0.017188 0.033333
4 0.453125 0.383333 0.012500 0.019444
15 0.552344 0.388194 0.015625 0.034722
4 0.526172 0.387500 0.013281 0.019444
4 0.567969 0.525000 0.032813 0.055556
4 0.638672 0.471528 0.030469 0.040278
4 0.743359 0.603472 0.058594 0.068056
4 0.822266 0.807639 0.117969 0.159722
