4 0.363672 0.736111 0.074219 0.105556
15 0.179688 0.772222 0.170313 0.283333
4 0.074609 0.788194 0.069531 0.131944
4 0.320312 0.606944 0.051562 0.069444
4 0.244531 0.595139 0.060937 0.068056
4 0.435156 0.518056 0.034375 0.050000
4 0.386719 0.491667 0.034375 0.050000
15 0.348438 0.449306 0.068750 0.118056
15 0.405469 0.397917 0.029687 0.051389
4 0.415234 0.442361 0.021094 0.029167
4 0.453125 0.447917 0.021875 0.029167
4 0.461328 0.415972 0.017969 0.023611
4 0.475391 0.387500 0.013281 0.016667
4 0.530859 0.400694 0.014844 0.023611
4 0.552734 0.395833 0.014844 0.019444
4 0.560937 0.375694 0.010937 0.015278
4 0.565234 0.422917 0.016406 0.026389
4 0.575391 0.395139 0.013281 0.018056
4 0.599219 0.432639 0.023438 0.029167
4 0.612109 0.493056 0.032031 0.047222
4 0.818359 0.706944 0.094531 0.113889
4 0.705469 0.890972 0.123438 0.209722
