4 0.212891 0.827083 0.110156 0.143056
15 0.075781 0.777083 0.150000 0.415278
4 0.387891 0.655556 0.057031 0.080556
4 0.425000 0.537500 0.037500 0.063889
4 0.382812 0.506944 0.032813 0.041667
4 0.355469 0.471528 0.029687 0.034722
4 0.413672 0.450694 0.021094 0.037500
4 0.450781 0.461806 0.023438 0.034722
4 0.388672 0.434722 0.021094 0.030556
4 0.539844 0.425000 0.017188 0.030556
4 0.550781 0.395139 0.014063 0.026389
4 0.576172 0.395139 0.013281 0.020833
4 0.556641 0.473611 0.027344 0.038889
4 0.603516 0.633333 0.058594 0.088889
15 0.742188 0.675694 0.100000 0.204167
