4 0.300391 0.917361 0.110156 0.162500
4 0.396094 0.623611 0.056250 0.091667
4 0.348047 0.565278 0.046094 0.063889
4 0.320312 0.512500 0.042188 0.052778
4 0.443750 0.496528 0.034375 0.045833
4 0.397656 0.478472 0.028125 0.043056
4 0.367578 0.457639 0.027344 0.034722
4 0.409766 0.452778 0.022656 0.030556
15 0.453125 0.445833 0.025000 0.038889
15 0.433203 0.406250 0.021094 0.048611
4 0.532422 0.395833 0.013281 0.022222
4 0.537500 0.422917 0.017188 0.026389
4 0.552734 0.481250 0.027344 0.037500
15 0.619141 0.490972 0.036719 0.084722
