4 0.370312 0.709722 0.068750 0.116667
4 0.322266 0.607639 0.055469 0.068056
4 0.297656 0.539583 0.046875 0.054167
4 0.386719 0.500000 0.032813 0.050000
4 0.437500 0.519444 0.032813 0.047222
4 0.400391 0.465278 0.024219 0.030556
4 0.353906 0.475694 0.029687 0.034722
15 0.449609 0.458333 0.025781 0.044444
15 0.428516 0.412500 0.022656 0.052778
4 0.407422 0.414583 0.016406 0.026389
4 0.462891 0.418056 0.016406 0.022222
4 0.455078 0.433333 0.017969 0.025000
4 0.529297 0.386111 0.011719 0.019444
4 0.531250 0.406944 0.017188 0.022222
4 0.560547 0.375694 0.011719 0.015278
4 0.542188 0.447222 0.021875 0.033333
15 0.593359 0.452778 0.028906 0.066667
4 0.934766 0.840972 0.130469 0.173611
