4 0.233594 0.766667 0.100000 0.116667
4 0.223438 0.628472 0.073438 0.084722
4 0.416016 0.589583 0.047656 0.068056
4 0.354687 0.553472 0.043750 0.068056
4 0.315625 0.516667 0.039062 0.047222
4 0.378516 0.500000 0.028906 0.041667
15 0.439453 0.490278 0.033594 0.061111
4 0.447266 0.453472 0.022656 0.029167
4 0.456250 0.432639 0.017188 0.026389
15 0.415234 0.428472 0.030469 0.062500
4 0.392969 0.429167 0.018750 0.025000
4 0.531250 0.409722 0.015625 0.025000
4 0.526172 0.386111 0.011719 0.019444
15 0.566797 0.411111 0.021094 0.044444
4 0.709766 0.559028 0.047656 0.062500
4 0.672266 0.838194 0.094531 0.173611
