15 0.108594 0.758333 0.215625 0.477778
4 0.268750 0.717361 0.076563 0.109722
4 0.406641 0.595139 0.047656 0.068056
4 0.434766 0.512500 0.032031 0.055556
4 0.391406 0.487500 0.028125 0.038889
4 0.365625 0.458333 0.028125 0.033333
4 0.420312 0.440278 0.020313 0.030556
4 0.454688 0.448611 0.021875 0.030556
4 0.555859 0.404861 0.016406 0.023611
4 0.545703 0.444444 0.021094 0.030556
4 0.583203 0.404167 0.014844 0.019444
4 0.571094 0.518056 0.032813 0.050000
4 0.678906 0.870139 0.103125 0.198611
15 0.919531 0.888889 0.160938 0.222222
