4 0.357422 0.758333 0.077344 0.119444
4 0.112109 0.966667 0.146094 0.066667
4 0.411328 0.577778 0.047656 0.077778
15 0.023047 0.823611 0.044531 0.322222
4 0.365625 0.532639 0.040625 0.048611
4 0.337891 0.491667 0.036719 0.044444
4 0.447266 0.478472 0.028906 0.043056
4 0.406250 0.466667 0.026562 0.041667
4 0.378125 0.445139 0.025000 0.029167
4 0.417187 0.440972 0.017188 0.026389
15 0.455469 0.438194 0.023438 0.037500
15 0.437500 0.400000 0.020313 0.044444
4 0.544922 0.385417 0.011719 0.018056
4 0.568750 0.387500 0.010937 0.016667
4 0.535937 0.406250 0.015625 0.023611
4 0.545312 0.443056 0.021875 0.030556
4 0.568359 0.531944 0.035156 0.058333
15 0.657813 0.550000 0.053125 0.119444
