4 0.325000 0.900000 0.093750 0.172222
4 0.115234 0.952083 0.150781 0.095833
15 0.130078 0.665972 0.258594 0.370833
4 0.309766 0.639583 0.055469 0.081944
4 0.421094 0.550000 0.034375 0.052778
4 0.441406 0.487500 0.028125 0.044444
4 0.401172 0.470833 0.022656 0.036111
4 0.376953 0.443056 0.024219 0.033333
4 0.425391 0.431250 0.021094 0.029167
4 0.457031 0.436111 0.017188 0.027778
4 0.405078 0.415278 0.016406 0.022222
4 0.564063 0.419444 0.017188 0.027778
4 0.593750 0.416667 0.017188 0.022222
4 0.555469 0.479167 0.028125 0.044444
4 0.599219 0.600000 0.046875 0.072222
