4 0.357031 0.808333 0.095312 0.138889
4 0.181641 0.668750 0.080469 0.093056
4 0.343359 0.576389 0.052344 0.058333
4 0.417187 0.556250 0.039062 0.056944
4 0.389844 0.484028 0.031250 0.043056
4 0.442969 0.468056 0.028125 0.036111
4 0.409766 0.452778 0.017969 0.027778
15 0.391016 0.407639 0.041406 0.079167
4 0.455078 0.438889 0.021094 0.033333
4 0.433203 0.418750 0.017969 0.026389
4 0.464453 0.410417 0.014844 0.023611
15 0.558984 0.361111 0.016406 0.038889
4 0.541797 0.372222 0.010156 0.013889
4 0.522656 0.367361 0.010937 0.018056
4 0.526953 0.388194 0.013281 0.020833
4 0.552344 0.395833 0.015625 0.022222
4 0.532422 0.412500 0.014844 0.025000
4 0.551562 0.479861 0.023438 0.043056
4 0.596875 0.464583 0.028125 0.040278
4 0.764844 0.771528 0.085938 0.140278
