4 0.298047 0.650694 0.064844 0.081944
4 0.408984 0.629861 0.053906 0.076389
4 0.354297 0.551389 0.042969 0.055556
4 0.433984 0.519444 0.032031 0.047222
4 0.396094 0.479861 0.026562 0.040278
15 0.324609 0.468750 0.086719 0.134722
4 0.450781 0.447917 0.020313 0.029167
4 0.460547 0.425000 0.016406 0.027778
4 0.430469 0.421528 0.015625 0.023611
15 0.548828 0.347222 0.013281 0.030556
4 0.523047 0.383333 0.011719 0.013889
4 0.548047 0.387500 0.013281 0.016667
4 0.569531 0.425694 0.017188 0.023611
4 0.753906 0.609722 0.056250 0.072222
4 0.741016 0.718056 0.085156 0.125000
