4 0.037500 0.879167 0.073438 0.152778
4 0.285156 0.684028 0.079687 0.098611
4 0.392969 0.655556 0.059375 0.083333
4 0.364063 0.530556 0.035937 0.052778
4 0.433984 0.508333 0.032031 0.047222
4 0.392969 0.481250 0.028125 0.040278
4 0.448828 0.459028 0.024219 0.034722
4 0.422656 0.436806 0.018750 0.031944
15 0.370703 0.427778 0.057031 0.102778
15 0.553516 0.356944 0.017969 0.036111
4 0.544531 0.381250 0.010937 0.015278
4 0.566797 0.420139 0.021094 0.029167
4 0.459766 0.422222 0.016406 0.022222
4 0.441797 0.402083 0.013281 0.020833
4 0.467969 0.405556 0.015625 0.022222
4 0.524609 0.386111 0.011719 0.016667
4 0.533203 0.422917 0.016406 0.026389
4 0.622266 0.522222 0.033594 0.050000
