15 0.157031 0.865278 0.154688 0.227778
4 0.157422 0.704861 0.099219 0.112500
4 0.403125 0.634722 0.054688 0.077778
4 0.270313 0.568056 0.053125 0.055556
4 0.377344 0.515972 0.037500 0.048611
4 0.434766 0.503472 0.030469 0.040278
4 0.410156 0.454167 0.023438 0.033333
4 0.452344 0.443750 0.023438 0.031944
4 0.423047 0.429167 0.019531 0.027778
4 0.460938 0.420833 0.017188 0.027778
4 0.443750 0.404167 0.017188 0.025000
15 0.409766 0.392361 0.039844 0.068056
4 0.467969 0.399306 0.015625 0.020833
4 0.472266 0.385417 0.013281 0.020833
4 0.454297 0.383333 0.011719 0.016667
15 0.567187 0.369444 0.023438 0.044444
4 0.523438 0.379861 0.012500 0.018056
4 0.547656 0.385417 0.012500 0.018056
4 0.533594 0.416667 0.018750 0.027778
4 0.565625 0.418750 0.015625 0.023611
4 0.544922 0.450694 0.022656 0.031944
4 0.610156 0.649306 0.060937 0.098611
4 0.668359 0.559722 0.049219 0.072222
