4 0.328125 0.890278 0.104688 0.163889
4 0.153906 0.918056 0.154688 0.163889
4 0.326953 0.598611 0.050781 0.069444
4 0.420312 0.575000 0.043750 0.063889
4 0.370312 0.523611 0.034375 0.047222
15 0.344531 0.452778 0.073438 0.122222
4 0.407422 0.463194 0.025781 0.037500
4 0.439844 0.493750 0.029687 0.043056
4 0.455469 0.438194 0.020313 0.026389
4 0.463281 0.418750 0.017188 0.026389
4 0.435156 0.412500 0.015625 0.022222
15 0.550391 0.350000 0.014844 0.030556
4 0.539844 0.369444 0.009375 0.013889
4 0.525000 0.392361 0.010937 0.020833
4 0.553516 0.396528 0.016406 0.020833
4 0.581250 0.447222 0.020313 0.030556
4 0.905859 0.798611 0.108594 0.141667
