4 0.369531 0.743056 0.075000 0.102778
4 0.231250 0.777778 0.109375 0.130556
4 0.348828 0.560417 0.041406 0.059722
4 0.429688 0.536806 0.039062 0.051389
4 0.382031 0.501389 0.032813 0.041667
15 0.356641 0.436111 0.064844 0.108333
4 0.414844 0.449306 0.021875 0.029167
4 0.444141 0.476389 0.027344 0.038889
4 0.456641 0.428472 0.019531 0.023611
4 0.437891 0.406944 0.016406 0.019444
4 0.528125 0.403472 0.017188 0.020833
4 0.557813 0.406250 0.015625 0.020833
4 0.541406 0.375000 0.012500 0.016667
15 0.551562 0.352083 0.015625 0.031944
4 0.595703 0.475000 0.025781 0.038889
