4 0.383594 0.709028 0.076563 0.109722
4 0.230078 0.606250 0.067969 0.073611
4 0.067187 0.815972 0.132812 0.143056
4 0.360938 0.543056 0.042188 0.055556
4 0.428125 0.529167 0.035937 0.050000
4 0.401172 0.468750 0.027344 0.037500
4 0.448047 0.455556 0.024219 0.030556
4 0.457813 0.429167 0.017188 0.030556
4 0.438281 0.412500 0.014063 0.027778
4 0.416406 0.440278 0.017188 0.030556
15 0.400000 0.401389 0.039062 0.072222
15 0.562109 0.364583 0.017969 0.043056
4 0.543750 0.379167 0.012500 0.016667
4 0.523438 0.375000 0.012500 0.019444
4 0.529687 0.400694 0.017188 0.023611
4 0.558203 0.405556 0.017969 0.022222
4 0.537109 0.427778 0.014844 0.027778
4 0.621094 0.498611 0.034375 0.047222
4 0.569531 0.535417 0.034375 0.056944
