4 0.302344 0.942361 0.128125 0.115278
4 0.104297 0.756250 0.110156 0.115278
4 0.319141 0.622917 0.061719 0.073611
4 0.407813 0.599306 0.046875 0.068056
4 0.378906 0.506250 0.032813 0.045833
4 0.440234 0.487500 0.030469 0.041667
4 0.401562 0.465972 0.025000 0.034722
15 0.381250 0.418056 0.051562 0.091667
4 0.429297 0.428472 0.017969 0.029167
4 0.451953 0.446528 0.021094 0.031944
4 0.462500 0.416667 0.017188 0.025000
4 0.469141 0.399306 0.014844 0.023611
15 0.555859 0.358333 0.014844 0.033333
4 0.548047 0.388194 0.014844 0.018056
4 0.524609 0.379861 0.013281 0.018056
4 0.528125 0.395139 0.010937 0.020833
4 0.539453 0.443750 0.019531 0.029167
4 0.577734 0.438889 0.021094 0.033333
4 0.665234 0.594444 0.046094 0.072222
