4 0.351953 0.839583 0.088281 0.151389
4 0.191797 0.851389 0.111719 0.150000
4 0.306250 0.638889 0.060937 0.077778
4 0.413281 0.591667 0.043750 0.063889
4 0.370703 0.520833 0.038281 0.055556
15 0.275000 0.514583 0.126562 0.184722
4 0.441797 0.477083 0.025781 0.037500
4 0.453516 0.442361 0.022656 0.031944
4 0.420703 0.437500 0.021094 0.027778
4 0.403125 0.417361 0.017188 0.023611
4 0.555078 0.399306 0.011719 0.018056
4 0.614453 0.509028 0.033594 0.054167
4 0.648438 0.484028 0.028125 0.034722
4 0.678125 0.834722 0.093750 0.175000
