4 0.157422 0.890972 0.139844 0.162500
4 0.134766 0.726389 0.094531 0.113889
4 0.382031 0.720139 0.067187 0.104167
15 0.285938 0.656250 0.082812 0.129167
4 0.257031 0.587500 0.065625 0.077778
4 0.424609 0.553472 0.038281 0.054167
4 0.318750 0.511806 0.040625 0.051389
4 0.399219 0.475694 0.028125 0.037500
4 0.446875 0.467361 0.026562 0.034722
4 0.421094 0.433333 0.018750 0.027778
4 0.432812 0.413889 0.015625 0.022222
4 0.457031 0.425000 0.018750 0.025000
15 0.419922 0.382639 0.030469 0.054167
15 0.576562 0.378472 0.025000 0.051389
4 0.528516 0.400000 0.014844 0.019444
4 0.557031 0.404167 0.015625 0.022222
4 0.549609 0.469444 0.028906 0.044444
4 0.587500 0.455556 0.023438 0.033333
4 0.575781 0.547222 0.034375 0.055556
4 0.946484 0.927083 0.107031 0.145833
