4 0.309766 0.929861 0.114844 0.140278
4 0.253125 0.747222 0.082812 0.105556
4 0.386328 0.665278 0.061719 0.086111
4 0.340625 0.575000 0.048438 0.058333
4 0.308594 0.525694 0.037500 0.045833
4 0.348047 0.483333 0.030469 0.036111
15 0.378125 0.503472 0.037500 0.056944
4 0.434375 0.528472 0.031250 0.045833
4 0.446484 0.474306 0.024219 0.034722
4 0.374219 0.449306 0.025000 0.029167
4 0.561328 0.502778 0.030469 0.052778
15 0.616016 0.420833 0.044531 0.086111
4 0.605078 0.486806 0.027344 0.040278
4 0.777734 0.768056 0.094531 0.127778
