4 0.305469 0.917361 0.121875 0.165278
4 0.283203 0.672917 0.072656 0.084722
4 0.249219 0.597917 0.053125 0.065278
15 0.344141 0.557639 0.052344 0.076389
4 0.417969 0.595139 0.040625 0.062500
4 0.438281 0.505556 0.031250 0.041667
4 0.315234 0.523611 0.039844 0.044444
4 0.350391 0.475694 0.028906 0.031944
4 0.537500 0.432639 0.018750 0.031944
4 0.574609 0.434028 0.017969 0.029167
15 0.591406 0.395139 0.031250 0.065278
4 0.632422 0.531250 0.038281 0.048611
4 0.596094 0.613889 0.053125 0.088889
4 0.416016 0.447917 0.022656 0.029167
4 0.455469 0.444444 0.020313 0.027778
