4 0.192188 0.870833 0.115625 0.150000
4 0.355859 0.772222 0.083594 0.125000
4 0.315625 0.618750 0.057813 0.070833
4 0.281641 0.558333 0.042969 0.052778
15 0.362891 0.527778 0.044531 0.066667
4 0.425781 0.556944 0.032813 0.052778
4 0.332031 0.502083 0.034375 0.040278
4 0.362891 0.461806 0.027344 0.031944
4 0.442578 0.487500 0.027344 0.036111
4 0.546484 0.457639 0.022656 0.037500
4 0.586328 0.454167 0.021094 0.033333
15 0.601953 0.405556 0.036719 0.075000
4 0.677344 0.605556 0.051562 0.072222
4 0.671094 0.840972 0.103125 0.193056
