4 0.171875 0.804167 0.107813 0.116667
4 0.387891 0.677778 0.060156 0.086111
4 0.319922 0.615278 0.053906 0.066667
4 0.419531 0.559722 0.040625 0.058333
4 0.374219 0.516667 0.035937 0.044444
4 0.343750 0.484722 0.029687 0.036111
4 0.444531 0.486806 0.025000 0.034722
15 0.399609 0.467361 0.028906 0.045833
4 0.371484 0.456250 0.025781 0.031944
4 0.391797 0.429861 0.021094 0.023611
4 0.452344 0.450000 0.021875 0.030556
4 0.559766 0.410417 0.014844 0.023611
4 0.580078 0.444444 0.019531 0.030556
4 0.546875 0.461111 0.020313 0.033333
15 0.661328 0.465278 0.072656 0.130556
4 0.683984 0.610417 0.053906 0.079167
4 0.646094 0.733333 0.075000 0.144444
