4 0.315234 0.909722 0.100781 0.152778
4 0.287891 0.643056 0.061719 0.075000
4 0.358984 0.544444 0.039844 0.050000
4 0.418359 0.566667 0.041406 0.055556
4 0.435937 0.502778 0.029687 0.041667
4 0.396484 0.478472 0.028906 0.034722
4 0.369141 0.456944 0.024219 0.030556
4 0.451172 0.459028 0.021094 0.031944
15 0.414844 0.442361 0.025000 0.040278
4 0.389062 0.435417 0.021875 0.026389
4 0.578125 0.445833 0.018750 0.033333
4 0.620703 0.515278 0.032031 0.047222
4 0.584766 0.577778 0.038281 0.066667
15 0.767969 0.571528 0.162500 0.254167
