4 0.066797 0.938889 0.132031 0.122222
4 0.357812 0.786111 0.079687 0.116667
4 0.291016 0.672222 0.064844 0.086111
4 0.405078 0.605556 0.049219 0.066667
4 0.358594 0.543750 0.040625 0.051389
4 0.327344 0.504167 0.032813 0.038889
15 0.389844 0.484722 0.032813 0.052778
4 0.440234 0.506944 0.025781 0.038889
4 0.360156 0.470139 0.028125 0.034722
4 0.449609 0.461111 0.022656 0.030556
4 0.383594 0.440278 0.021875 0.027778
4 0.538281 0.431944 0.017188 0.027778
4 0.569141 0.424306 0.016406 0.026389
15 0.633984 0.438194 0.055469 0.104167
4 0.585547 0.570833 0.041406 0.075000
4 0.633203 0.531250 0.036719 0.054167
