4 0.239844 0.708333 0.079687 0.088889
4 0.406250 0.612500 0.046875 0.066667
4 0.341016 0.576389 0.044531 0.058333
4 0.428906 0.527778 0.035937 0.044444
4 0.385937 0.496528 0.031250 0.040278
4 0.357031 0.469444 0.025000 0.033333
4 0.380078 0.445833 0.022656 0.027778
15 0.407813 0.453472 0.026562 0.040278
4 0.448437 0.472222 0.021875 0.033333
4 0.455078 0.439583 0.019531 0.026389
4 0.567187 0.424306 0.017188 0.026389
4 0.560156 0.500000 0.026562 0.044444
4 0.594922 0.471528 0.022656 0.034722
15 0.698438 0.502778 0.100000 0.169444
4 0.780469 0.763194 0.092188 0.140278
