4 0.348047 0.861111 0.092969 0.141667
15 0.233594 0.738194 0.104688 0.159722
4 0.047656 0.862500 0.093750 0.138889
4 0.215234 0.640278 0.075781 0.080556
4 0.416016 0.588194 0.049219 0.062500
4 0.298438 0.536111 0.048438 0.055556
4 0.388281 0.493750 0.034375 0.040278
4 0.441016 0.485417 0.030469 0.040278
4 0.415234 0.445139 0.022656 0.029167
15 0.413672 0.388194 0.035156 0.062500
4 0.428906 0.422222 0.015625 0.022222
4 0.453516 0.434028 0.021094 0.026389
4 0.525781 0.388194 0.014063 0.018056
4 0.551562 0.393750 0.015625 0.018056
15 0.570703 0.374306 0.022656 0.048611
4 0.539062 0.436806 0.020313 0.031944
4 0.575391 0.433333 0.019531 0.025000
4 0.556250 0.486111 0.025000 0.041667
4 0.750391 0.671528 0.082031 0.109722
4 0.715234 0.921528 0.122656 0.156944
