4 0.232422 0.763889 0.096094 0.116667
4 0.200000 0.653472 0.068750 0.076389
15 0.317188 0.599306 0.062500 0.095833
4 0.403516 0.649306 0.049219 0.076389
4 0.432812 0.527778 0.034375 0.050000
4 0.290625 0.554861 0.048438 0.056944
4 0.335938 0.493056 0.032813 0.038889
4 0.407813 0.461111 0.026562 0.033333
15 0.583594 0.386111 0.029687 0.058333
4 0.532813 0.413194 0.017188 0.029167
4 0.564453 0.415972 0.016406 0.023611
4 0.604688 0.484722 0.028125 0.038889
4 0.564063 0.515972 0.034375 0.054167
4 0.611328 0.657639 0.052344 0.090278
