4 0.066797 0.865278 0.132031 0.152778
4 0.358984 0.758333 0.072656 0.111111
4 0.320703 0.596528 0.050781 0.062500
4 0.372656 0.520139 0.034375 0.043056
4 0.426953 0.534722 0.032031 0.044444
4 0.441797 0.484722 0.027344 0.038889
4 0.404687 0.463889 0.025000 0.030556
4 0.378125 0.445833 0.021875 0.027778
15 0.421094 0.433333 0.021875 0.036111
4 0.395703 0.428472 0.019531 0.026389
4 0.410938 0.409028 0.015625 0.020833
4 0.454297 0.447917 0.019531 0.029167
4 0.593750 0.472917 0.023438 0.037500
4 0.659766 0.584722 0.042969 0.066667
4 0.637891 0.734722 0.063281 0.119444
15 0.873047 0.702778 0.253906 0.425000
