4 0.276562 0.930556 0.132812 0.138889
4 0.056250 0.840278 0.110937 0.219444
4 0.278906 0.668750 0.068750 0.084722
4 0.387891 0.642361 0.050781 0.073611
4 0.353906 0.538194 0.040625 0.045833
4 0.448828 0.463194 0.022656 0.031944
15 0.460547 0.420139 0.019531 0.031944
4 0.417578 0.433333 0.022656 0.030556
4 0.375781 0.442361 0.023438 0.029167
4 0.553906 0.397222 0.014063 0.019444
4 0.575781 0.393750 0.014063 0.020833
4 0.528125 0.392361 0.012500 0.018056
4 0.586719 0.456250 0.025000 0.037500
4 0.566016 0.519444 0.030469 0.050000
15 0.622266 0.429167 0.050781 0.100000
4 0.793750 0.688194 0.075000 0.101389
