4 0.241406 0.736111 0.082812 0.105556
4 0.364063 0.717361 0.064062 0.095833
4 0.337500 0.567361 0.046875 0.056944
4 0.444141 0.478472 0.024219 0.037500
4 0.366016 0.454167 0.024219 0.033333
4 0.412500 0.440278 0.023438 0.033333
15 0.457813 0.427778 0.020313 0.036111
4 0.548438 0.387500 0.012500 0.016667
4 0.569922 0.386111 0.013281 0.016667
4 0.550000 0.470833 0.021875 0.036111
4 0.573828 0.434028 0.019531 0.031944
15 0.607422 0.413889 0.041406 0.083333
4 0.693750 0.568056 0.045312 0.061111
4 0.616016 0.675694 0.058594 0.095833
