4 0.121094 0.935417 0.145313 0.129167
4 0.098828 0.740972 0.194531 0.215278
4 0.335547 0.787500 0.091406 0.141667
4 0.307812 0.617361 0.054688 0.070833
4 0.405078 0.587500 0.041406 0.061111
4 0.366797 0.515278 0.035156 0.041667
4 0.453906 0.450000 0.020313 0.030556
4 0.423828 0.424306 0.017969 0.029167
4 0.385937 0.433333 0.020313 0.025000
15 0.462891 0.413194 0.019531 0.029167
4 0.530469 0.405556 0.014063 0.022222
4 0.560156 0.410417 0.017188 0.023611
4 0.581641 0.402778 0.014844 0.022222
4 0.605859 0.493056 0.032031 0.044444
15 0.643750 0.451389 0.064062 0.119444
4 0.599609 0.620139 0.050781 0.079167
