4 0.250781 0.721528 0.082812 0.098611
4 0.417969 0.556944 0.035937 0.055556
4 0.322656 0.502083 0.034375 0.045833
4 0.389453 0.477083 0.030469 0.043056
15 0.445312 0.461111 0.028125 0.047222
4 0.460547 0.422222 0.014844 0.022222
4 0.435937 0.409722 0.012500 0.019444
4 0.408984 0.410417 0.014844 0.023611
4 0.470703 0.400000 0.013281 0.019444
4 0.447656 0.395833 0.010937 0.019444
4 0.530469 0.402083 0.014063 0.020833
4 0.551953 0.393056 0.013281 0.022222
15 0.580078 0.385417 0.025781 0.056944
4 0.544922 0.449306 0.021094 0.029167
4 0.583984 0.436806 0.019531 0.029167
