4 0.203906 0.809722 0.101562 0.125000
15 0.177344 0.656944 0.137500 0.155556
4 0.367969 0.688889 0.070312 0.105556
4 0.329688 0.580556 0.048438 0.063889
4 0.415234 0.548611 0.038281 0.050000
4 0.377344 0.497222 0.032813 0.038889
4 0.428125 0.417361 0.020313 0.026389
4 0.457031 0.438889 0.018750 0.027778
4 0.392578 0.425000 0.017969 0.025000
15 0.464844 0.406944 0.017188 0.027778
4 0.534375 0.422222 0.015625 0.025000
4 0.563281 0.379167 0.010937 0.016667
4 0.524609 0.375694 0.011719 0.015278
4 0.568750 0.426389 0.018750 0.027778
4 0.589453 0.413194 0.016406 0.020833
15 0.671875 0.479861 0.084375 0.148611
4 0.635156 0.544444 0.042188 0.061111
4 0.680469 0.858333 0.095312 0.180556
