4 0.195312 0.820833 0.112500 0.133333
4 0.404297 0.599306 0.042969 0.065278
4 0.303516 0.523611 0.039844 0.047222
4 0.380859 0.493056 0.033594 0.047222
15 0.439844 0.477083 0.031250 0.051389
4 0.458203 0.429861 0.016406 0.023611
4 0.431641 0.416667 0.014844 0.022222
4 0.401562 0.418056 0.014063 0.025000
4 0.469531 0.405556 0.014063 0.022222
4 0.444531 0.400000 0.014063 0.019444
4 0.527734 0.390972 0.013281 0.018056
4 0.547656 0.385417 0.012500 0.018056
15 0.574609 0.379167 0.024219 0.052778
4 0.538672 0.427083 0.019531 0.026389
4 0.570703 0.418056 0.016406 0.025000
