4 0.309766 0.940278 0.117969 0.119444
4 0.257031 0.713194 0.075000 0.093056
4 0.389062 0.620833 0.057813 0.083333
4 0.233594 0.593750 0.103125 0.120833
4 0.348047 0.548611 0.041406 0.052778
4 0.425391 0.517361 0.028906 0.043056
4 0.387109 0.479861 0.027344 0.037500
4 0.460547 0.430556 0.016406 0.025000
4 0.432422 0.411111 0.019531 0.027778
4 0.399219 0.418056 0.017188 0.025000
15 0.466797 0.402778 0.016406 0.027778
4 0.567187 0.384722 0.012500 0.016667
4 0.526172 0.383333 0.011719 0.016667
4 0.539844 0.444444 0.018750 0.027778
4 0.582422 0.448611 0.022656 0.030556
4 0.598437 0.427778 0.017188 0.025000
15 0.718750 0.528472 0.121875 0.204167
4 0.694531 0.644444 0.067187 0.100000
