4 0.103906 0.944444 0.159375 0.111111
4 0.381250 0.665972 0.056250 0.081944
4 0.276953 0.553472 0.047656 0.059722
4 0.369531 0.513194 0.039062 0.051389
15 0.433984 0.497917 0.033594 0.056944
4 0.455078 0.438194 0.017969 0.023611
4 0.426563 0.424306 0.014063 0.023611
4 0.393359 0.428472 0.017969 0.023611
4 0.467187 0.412500 0.012500 0.022222
4 0.441016 0.406944 0.013281 0.019444
4 0.544531 0.379167 0.010937 0.016667
15 0.569531 0.372222 0.021875 0.047222
4 0.525391 0.381944 0.011719 0.016667
4 0.533203 0.409028 0.014844 0.023611
4 0.559766 0.404861 0.014844 0.020833
