4 0.111328 0.933333 0.153906 0.133333
4 0.355078 0.813194 0.088281 0.134722
4 0.288672 0.656250 0.063281 0.084722
4 0.405078 0.577778 0.047656 0.069444
4 0.271094 0.553472 0.081250 0.095833
4 0.362500 0.521528 0.037500 0.045833
4 0.432812 0.495139 0.028125 0.037500
4 0.396094 0.466667 0.026562 0.033333
4 0.571484 0.390278 0.013281 0.016667
4 0.546094 0.379861 0.010937 0.015278
4 0.528516 0.393056 0.013281 0.019444
4 0.608594 0.445139 0.021875 0.031944
4 0.548828 0.476389 0.022656 0.038889
4 0.598828 0.479861 0.027344 0.040278
15 0.798828 0.609028 0.199219 0.301389
4 0.826172 0.861806 0.130469 0.201389
