4 0.285156 0.661111 0.067187 0.083333
4 0.224609 0.630556 0.063281 0.075000
4 0.350391 0.546528 0.038281 0.054167
4 0.415234 0.585417 0.044531 0.062500
4 0.340234 0.479861 0.047656 0.062500
4 0.397656 0.468750 0.026562 0.037500
4 0.433203 0.497222 0.033594 0.047222
4 0.449609 0.448611 0.021094 0.027778
4 0.417578 0.434722 0.019531 0.025000
4 0.543750 0.445833 0.020313 0.033333
4 0.594531 0.421528 0.017188 0.026389
4 0.570703 0.386806 0.013281 0.018056
4 0.560937 0.409028 0.015625 0.023611
4 0.675781 0.562500 0.045312 0.061111
4 0.811719 0.850000 0.118750 0.177778
4 0.692578 0.913194 0.103906 0.173611
