4 0.353906 0.758333 0.071875 0.108333
4 0.258594 0.690278 0.081250 0.094444
4 0.326172 0.595833 0.049219 0.063889
4 0.264062 0.565972 0.054688 0.065278
4 0.428125 0.526389 0.034375 0.044444
4 0.391016 0.488194 0.032031 0.040278
4 0.366797 0.465278 0.025781 0.033333
4 0.414453 0.446528 0.022656 0.031944
4 0.453516 0.456250 0.021094 0.029167
4 0.459375 0.421528 0.018750 0.026389
4 0.434766 0.412500 0.016406 0.025000
4 0.402344 0.412500 0.026562 0.038889
15 0.560156 0.402778 0.017188 0.030556
4 0.536328 0.425000 0.016406 0.025000
4 0.586328 0.410417 0.014844 0.020833
4 0.582422 0.450000 0.022656 0.033333
4 0.634375 0.467361 0.026562 0.037500
4 0.769531 0.777083 0.095312 0.154167
4 0.873828 0.755556 0.108594 0.127778
