4 0.339844 0.827083 0.092188 0.143056
4 0.311328 0.615972 0.058594 0.070833
4 0.264062 0.584722 0.051562 0.061111
4 0.425391 0.551389 0.036719 0.052778
4 0.364453 0.524306 0.035156 0.048611
4 0.439453 0.478472 0.028906 0.043056
4 0.405859 0.456250 0.022656 0.031944
4 0.355078 0.462500 0.041406 0.055556
4 0.452734 0.437500 0.019531 0.027778
4 0.575781 0.393750 0.015625 0.020833
4 0.567969 0.425000 0.017188 0.030556
4 0.606641 0.438194 0.022656 0.029167
4 0.554297 0.480556 0.025781 0.041667
4 0.737109 0.663194 0.069531 0.098611
