4 0.169922 0.865972 0.113281 0.143056
4 0.373437 0.709722 0.070312 0.097222
4 0.333984 0.579861 0.050781 0.059722
4 0.295312 0.546528 0.042188 0.051389
4 0.378125 0.501389 0.032813 0.041667
4 0.432422 0.523611 0.033594 0.047222
4 0.444531 0.463194 0.026562 0.037500
4 0.413672 0.444444 0.022656 0.030556
4 0.367188 0.448611 0.039062 0.050000
4 0.456641 0.429167 0.017969 0.025000
4 0.427734 0.419444 0.016406 0.022222
4 0.582031 0.403472 0.015625 0.023611
4 0.578906 0.446528 0.020313 0.034722
4 0.625000 0.459722 0.025000 0.030556
4 0.573828 0.541667 0.035156 0.058333
4 0.901172 0.910417 0.152344 0.179167
