4 0.153906 0.861111 0.132812 0.155556
4 0.273828 0.682639 0.067969 0.087500
4 0.173828 0.667361 0.083594 0.093056
4 0.410547 0.590278 0.044531 0.063889
4 0.366406 0.527083 0.039062 0.048611
4 0.337500 0.495139 0.031250 0.040278
4 0.445312 0.484028 0.026562 0.034722
4 0.398828 0.469444 0.027344 0.033333
4 0.451953 0.438194 0.022656 0.031944
4 0.425391 0.426389 0.019531 0.027778
4 0.387109 0.428472 0.032031 0.037500
4 0.560547 0.409028 0.014844 0.020833
4 0.528516 0.394444 0.014844 0.019444
4 0.600781 0.427778 0.018750 0.027778
4 0.619922 0.520833 0.035156 0.052778
4 0.687891 0.536111 0.042969 0.052778
