4 0.199219 0.811111 0.106250 0.125000
4 0.071875 0.818750 0.118750 0.129167
4 0.385156 0.700694 0.068750 0.098611
4 0.314453 0.609028 0.050781 0.068056
4 0.300391 0.522222 0.064844 0.086111
4 0.376563 0.501389 0.031250 0.041667
4 0.416406 0.543750 0.040625 0.056944
4 0.439063 0.478472 0.023438 0.037500
4 0.404687 0.455556 0.021875 0.030556
4 0.464844 0.415972 0.015625 0.023611
4 0.439844 0.401389 0.018750 0.022222
4 0.411328 0.404167 0.014844 0.022222
4 0.532422 0.405556 0.014844 0.022222
4 0.550391 0.387500 0.011719 0.019444
4 0.562500 0.375000 0.010937 0.016667
4 0.577344 0.398611 0.014063 0.019444
4 0.566016 0.533333 0.032031 0.050000
4 0.622656 0.470139 0.026562 0.034722
4 0.629297 0.531944 0.038281 0.055556
15 0.887500 0.757639 0.225000 0.484722
