4 0.248438 0.722917 0.082812 0.098611
4 0.163672 0.707639 0.083594 0.095833
4 0.402734 0.636806 0.055469 0.079167
4 0.333203 0.576389 0.047656 0.063889
4 0.321094 0.500000 0.056250 0.072222
4 0.425781 0.517361 0.035937 0.051389
4 0.386719 0.483333 0.029687 0.038889
4 0.443750 0.461806 0.023438 0.031944
4 0.410938 0.445139 0.021875 0.029167
4 0.466797 0.410417 0.014844 0.023611
4 0.441797 0.395833 0.014844 0.025000
4 0.416406 0.398611 0.014063 0.019444
4 0.536719 0.420833 0.018750 0.025000
4 0.584375 0.409028 0.015625 0.020833
4 0.641797 0.503472 0.033594 0.043056
4 0.680078 0.617361 0.057031 0.081944
4 0.596484 0.632639 0.047656 0.081944
