4 0.091406 0.762500 0.125000 0.122222
4 0.230859 0.758333 0.085156 0.105556
4 0.395703 0.640278 0.055469 0.077778
4 0.350781 0.552083 0.045312 0.054167
4 0.317969 0.519444 0.037500 0.044444
4 0.439063 0.504167 0.028125 0.041667
4 0.388281 0.485417 0.028125 0.037500
4 0.377734 0.437500 0.035156 0.044444
4 0.420312 0.434722 0.020313 0.027778
4 0.449609 0.450694 0.024219 0.034722
4 0.461328 0.421528 0.014844 0.023611
4 0.432422 0.413194 0.014844 0.020833
4 0.590625 0.413194 0.017188 0.023611
4 0.594922 0.473611 0.024219 0.038889
4 0.649609 0.488194 0.033594 0.040278
4 0.610938 0.655556 0.054688 0.094444
