4 0.315625 0.884028 0.093750 0.143056
4 0.213281 0.761111 0.101562 0.116667
4 0.303125 0.635417 0.057813 0.076389
4 0.225391 0.608333 0.064844 0.075000
4 0.419922 0.555556 0.038281 0.055556
4 0.379297 0.506250 0.035156 0.043056
4 0.352734 0.479861 0.027344 0.034722
4 0.449609 0.468750 0.024219 0.031944
4 0.406641 0.456944 0.024219 0.030556
4 0.455859 0.431250 0.019531 0.029167
4 0.430469 0.420139 0.017188 0.023611
4 0.394922 0.420833 0.027344 0.038889
4 0.531641 0.406250 0.013281 0.020833
4 0.578125 0.399306 0.012500 0.018056
15 0.554688 0.393056 0.015625 0.027778
4 0.568359 0.426389 0.017969 0.025000
4 0.614062 0.443056 0.021875 0.030556
4 0.663672 0.595139 0.049219 0.079167
4 0.748437 0.604167 0.060937 0.075000
