15 0.120703 0.827778 0.239844 0.344444
4 0.328516 0.856250 0.100781 0.148611
4 0.300781 0.632639 0.060937 0.081944
4 0.260156 0.578472 0.056250 0.076389
4 0.373828 0.506944 0.033594 0.044444
4 0.432812 0.507639 0.028125 0.043056
4 0.399609 0.470833 0.025781 0.033333
4 0.373828 0.446528 0.025781 0.034722
4 0.455469 0.435417 0.020313 0.026389
4 0.430469 0.420139 0.017188 0.026389
4 0.413281 0.408333 0.014063 0.022222
4 0.531641 0.397917 0.014844 0.026389
4 0.570703 0.421528 0.017969 0.023611
4 0.545312 0.445139 0.020313 0.031944
4 0.564063 0.503472 0.031250 0.045833
4 0.735547 0.579167 0.035156 0.055556
15 0.737109 0.690972 0.096094 0.145833
