4 0.167578 0.863194 0.125781 0.154167
4 0.066797 0.804861 0.132031 0.154167
4 0.332813 0.571528 0.048438 0.056944
4 0.405859 0.588194 0.039844 0.059722
4 0.370312 0.521528 0.032813 0.045833
4 0.333203 0.490972 0.033594 0.043056
4 0.444141 0.472222 0.025781 0.036111
4 0.414844 0.446528 0.023438 0.029167
4 0.393750 0.429861 0.017188 0.026389
4 0.462891 0.425000 0.017969 0.025000
4 0.429297 0.420139 0.016406 0.026389
4 0.533984 0.413889 0.016406 0.022222
15 0.591016 0.449306 0.039844 0.070833
4 0.625000 0.454861 0.021875 0.031944
4 0.574219 0.542361 0.035937 0.056944
4 0.697656 0.652083 0.065625 0.090278
4 0.770703 0.623611 0.064844 0.094444
