4 0.355078 0.793750 0.083594 0.120833
4 0.422656 0.559722 0.039062 0.055556
4 0.367188 0.520833 0.037500 0.052778
4 0.346875 0.475000 0.031250 0.041667
4 0.408594 0.452083 0.023438 0.031944
4 0.451172 0.448611 0.017969 0.030556
4 0.423438 0.430556 0.017188 0.025000
4 0.406250 0.412500 0.017188 0.027778
4 0.466406 0.405556 0.017188 0.019444
4 0.444922 0.396528 0.011719 0.018056
4 0.559766 0.489583 0.030469 0.054167
4 0.568750 0.388194 0.010937 0.018056
4 0.649219 0.552778 0.040625 0.061111
4 0.702344 0.899306 0.110937 0.201389
15 0.234766 0.691667 0.230469 0.408333
