4 0.280469 0.973611 0.109375 0.052778
4 0.271875 0.685417 0.075000 0.095833
4 0.217188 0.627083 0.071875 0.090278
4 0.361719 0.526389 0.037500 0.047222
4 0.424219 0.529861 0.031250 0.048611
4 0.389453 0.487500 0.028906 0.041667
4 0.360938 0.459722 0.028125 0.038889
4 0.451953 0.447222 0.021094 0.030556
4 0.425391 0.428472 0.017969 0.029167
4 0.538281 0.420833 0.017188 0.027778
4 0.562891 0.409028 0.016406 0.023611
4 0.528516 0.386111 0.013281 0.022222
4 0.549609 0.459028 0.024219 0.034722
15 0.657422 0.562500 0.057031 0.080556
4 0.681641 0.518750 0.030469 0.045833
