4 0.376172 0.686111 0.058594 0.086111
4 0.288672 0.639583 0.066406 0.076389
4 0.343359 0.567361 0.041406 0.054167
4 0.292187 0.536111 0.043750 0.055556
4 0.434766 0.505556 0.030469 0.041667
4 0.400000 0.472222 0.028125 0.036111
4 0.376953 0.452083 0.021094 0.029167
4 0.419531 0.436806 0.018750 0.026389
4 0.457031 0.445139 0.020313 0.029167
15 0.567969 0.416667 0.018750 0.033333
4 0.543750 0.447917 0.020313 0.031944
4 0.596875 0.422222 0.017188 0.025000
4 0.600391 0.484722 0.028906 0.041667
4 0.660156 0.497917 0.034375 0.051389
