4 0.231641 0.753472 0.092969 0.118056
4 0.159375 0.693056 0.095312 0.111111
4 0.416797 0.554861 0.035156 0.051389
4 0.348438 0.545139 0.043750 0.054167
4 0.381250 0.502778 0.031250 0.038889
4 0.348047 0.471528 0.030469 0.037500
4 0.448828 0.458333 0.021094 0.027778
4 0.421484 0.436806 0.021094 0.026389
4 0.539844 0.434028 0.020313 0.029167
4 0.532813 0.406250 0.015625 0.023611
4 0.556250 0.397917 0.014063 0.020833
4 0.526172 0.378472 0.013281 0.020833
15 0.620703 0.502083 0.038281 0.059722
4 0.649219 0.481250 0.025000 0.040278
4 0.615234 0.672917 0.061719 0.095833
4 0.916797 0.793056 0.119531 0.169444
4 0.884766 0.934028 0.144531 0.131944
