15 0.142578 0.795139 0.283594 0.409722
4 0.366016 0.740278 0.074219 0.105556
4 0.322656 0.596528 0.053125 0.070833
4 0.289844 0.544444 0.046875 0.066667
4 0.383984 0.490278 0.032031 0.041667
4 0.438281 0.488889 0.025000 0.038889
4 0.405078 0.459722 0.022656 0.030556
4 0.382031 0.436111 0.020313 0.027778
4 0.458203 0.429861 0.019531 0.026389
4 0.535156 0.409722 0.017188 0.030556
4 0.580469 0.438194 0.018750 0.031944
4 0.556641 0.475694 0.024219 0.040278
4 0.589063 0.577083 0.042188 0.068056
15 0.912109 0.915972 0.175781 0.168056
