4 0.392969 0.626389 0.046875 0.066667
4 0.314844 0.600000 0.056250 0.063889
4 0.357422 0.542361 0.038281 0.048611
4 0.315234 0.509028 0.038281 0.045833
4 0.439844 0.485417 0.026562 0.037500
4 0.408203 0.458333 0.025781 0.033333
4 0.385156 0.439583 0.018750 0.029167
4 0.460156 0.433333 0.018750 0.025000
4 0.425000 0.426389 0.018750 0.025000
4 0.528906 0.400000 0.014063 0.019444
15 0.579297 0.436111 0.024219 0.038889
4 0.609766 0.438194 0.017969 0.029167
4 0.555859 0.486111 0.027344 0.041667
4 0.635156 0.543750 0.039062 0.056944
4 0.703516 0.547917 0.044531 0.068056
