4 0.303125 0.933333 0.115625 0.133333
15 0.071094 0.767361 0.140625 0.376389
4 0.405859 0.641667 0.053906 0.077778
15 0.307812 0.583333 0.142187 0.263889
4 0.440234 0.504167 0.028906 0.041667
4 0.389453 0.486806 0.030469 0.040278
4 0.370703 0.447917 0.022656 0.034722
4 0.420703 0.430556 0.019531 0.025000
4 0.456641 0.429167 0.016406 0.025000
15 0.548047 0.373611 0.017969 0.041667
4 0.532813 0.398611 0.014063 0.019444
4 0.584375 0.406944 0.014063 0.022222
4 0.619922 0.675694 0.064844 0.129167
4 0.858984 0.889583 0.130469 0.201389
