4 0.328125 0.845139 0.109375 0.165278
4 0.246484 0.734028 0.080469 0.101389
4 0.410547 0.566667 0.039844 0.058333
4 0.345703 0.568750 0.044531 0.054167
15 0.310156 0.479861 0.092188 0.143056
15 0.408203 0.431250 0.050781 0.098611
4 0.455469 0.440278 0.020313 0.027778
4 0.466406 0.408333 0.014063 0.022222
4 0.442578 0.484722 0.025781 0.038889
4 0.528516 0.391667 0.013281 0.019444
4 0.563672 0.415972 0.016406 0.023611
4 0.575000 0.403472 0.015625 0.020833
4 0.550781 0.465278 0.025000 0.036111
4 0.560156 0.511806 0.031250 0.051389
4 0.601953 0.487500 0.028906 0.044444
15 0.692969 0.594444 0.126562 0.227778
4 0.646484 0.802083 0.082031 0.151389
