4 0.279687 0.953472 0.139063 0.093056
4 0.186328 0.843056 0.108594 0.141667
4 0.325781 0.601389 0.051562 0.063889
4 0.401562 0.603472 0.048438 0.065278
15 0.288281 0.500000 0.107813 0.163889
4 0.435937 0.507639 0.031250 0.043056
15 0.401562 0.442361 0.056250 0.106944
4 0.452734 0.451389 0.021094 0.027778
4 0.463672 0.415278 0.016406 0.025000
4 0.556250 0.402083 0.014063 0.020833
4 0.526172 0.381944 0.013281 0.019444
4 0.566797 0.391667 0.014844 0.016667
4 0.541406 0.435417 0.020313 0.029167
4 0.546484 0.463194 0.024219 0.037500
4 0.583203 0.454861 0.022656 0.034722
15 0.633984 0.509028 0.075781 0.145833
4 0.584375 0.595139 0.040625 0.070833
