4 0.099609 0.953472 0.149219 0.093056
4 0.387109 0.645833 0.057031 0.080556
4 0.301953 0.641667 0.061719 0.075000
15 0.264453 0.522917 0.128906 0.190278
4 0.429297 0.532639 0.035156 0.048611
4 0.449609 0.465278 0.022656 0.030556
15 0.394531 0.452778 0.060937 0.113889
4 0.461719 0.423611 0.017188 0.025000
4 0.551562 0.394444 0.012500 0.019444
4 0.537500 0.416667 0.018750 0.022222
4 0.539453 0.436806 0.021094 0.029167
4 0.571094 0.433333 0.017188 0.030556
15 0.605469 0.465278 0.056250 0.108333
4 0.560547 0.514583 0.030469 0.048611
4 0.641797 0.740278 0.069531 0.125000
4 0.813672 0.693056 0.072656 0.100000
