4 0.295703 0.930556 0.122656 0.138889
4 0.109375 0.946528 0.145313 0.106944
4 0.256641 0.731944 0.086719 0.102778
4 0.400781 0.604167 0.048438 0.072222
4 0.332813 0.595139 0.050000 0.059722
4 0.257031 0.595139 0.059375 0.062500
4 0.430859 0.525000 0.033594 0.044444
15 0.379688 0.488194 0.039062 0.068056
15 0.335938 0.456944 0.078125 0.122222
4 0.415625 0.446528 0.020313 0.029167
4 0.451953 0.449306 0.024219 0.037500
4 0.433203 0.419444 0.016406 0.022222
4 0.462891 0.411806 0.016406 0.023611
15 0.412891 0.387500 0.030469 0.061111
4 0.564844 0.419444 0.015625 0.025000
4 0.589453 0.412500 0.014844 0.019444
4 0.553516 0.390278 0.011719 0.016667
4 0.564844 0.381944 0.009375 0.016667
4 0.594141 0.476389 0.027344 0.038889
4 0.616797 0.447917 0.022656 0.029167
4 0.779687 0.790278 0.096875 0.150000
