4 0.132812 0.934028 0.156250 0.131944
4 0.364063 0.722222 0.071875 0.100000
4 0.290234 0.672917 0.067969 0.084722
4 0.172266 0.695833 0.089844 0.094444
4 0.412500 0.586806 0.043750 0.059722
15 0.354687 0.529861 0.050000 0.084722
15 0.301563 0.487500 0.101562 0.150000
4 0.400391 0.469444 0.024219 0.033333
4 0.443359 0.477083 0.030469 0.040278
4 0.422266 0.436806 0.019531 0.029167
15 0.400781 0.398611 0.035937 0.069444
4 0.567578 0.425694 0.017969 0.026389
4 0.590234 0.413194 0.014844 0.023611
4 0.623437 0.518750 0.034375 0.048611
4 0.578125 0.557639 0.039062 0.062500
