4 0.283203 0.950694 0.116406 0.098611
4 0.206641 0.832639 0.110156 0.143056
4 0.042578 0.907639 0.083594 0.162500
4 0.382031 0.690278 0.064062 0.094444
15 0.317969 0.587500 0.067187 0.111111
15 0.250000 0.536806 0.143750 0.204167
4 0.431641 0.518056 0.038281 0.055556
4 0.381641 0.502778 0.033594 0.044444
4 0.411328 0.456250 0.024219 0.029167
4 0.449219 0.447222 0.018750 0.027778
4 0.385547 0.411806 0.044531 0.081944
4 0.464453 0.412500 0.014844 0.022222
4 0.544922 0.450694 0.021094 0.031944
4 0.580078 0.443056 0.021094 0.030556
4 0.600781 0.646528 0.056250 0.093056
4 0.797656 0.674306 0.075000 0.101389
4 0.831641 0.886806 0.119531 0.190278
4 0.553125 0.397222 0.012500 0.019444
4 0.574609 0.392361 0.014844 0.018056
