15 0.215234 0.749306 0.125781 0.198611
15 0.123438 0.700694 0.245312 0.415278
4 0.400391 0.612500 0.055469 0.080556
4 0.335156 0.580556 0.046875 0.063889
4 0.385547 0.501389 0.030469 0.038889
4 0.434766 0.496528 0.028906 0.043056
15 0.355078 0.439583 0.063281 0.104167
15 0.426172 0.408333 0.038281 0.077778
4 0.453906 0.441667 0.020313 0.027778
4 0.528125 0.395139 0.014063 0.020833
4 0.553906 0.395139 0.012500 0.020833
4 0.541406 0.442361 0.020313 0.031944
4 0.619922 0.459722 0.024219 0.033333
4 0.603516 0.488194 0.028906 0.040278
4 0.653125 0.766667 0.082812 0.152778
4 0.802344 0.834722 0.109375 0.177778
