4 0.362109 0.741667 0.086719 0.130556
4 0.284766 0.669444 0.066406 0.091667
15 0.085547 0.919444 0.169531 0.161111
15 0.074219 0.743056 0.146875 0.311111
4 0.421484 0.538889 0.036719 0.050000
4 0.360156 0.543056 0.040625 0.052778
15 0.326953 0.465972 0.080469 0.129167
15 0.416016 0.422222 0.046094 0.091667
4 0.446094 0.468750 0.025000 0.034722
4 0.458594 0.430556 0.018750 0.025000
4 0.468750 0.400694 0.015625 0.020833
4 0.530859 0.403472 0.014844 0.023611
4 0.585938 0.416667 0.017188 0.022222
4 0.572656 0.431250 0.017188 0.029167
4 0.563672 0.506944 0.032031 0.047222
4 0.629687 0.535417 0.037500 0.056944
4 0.582422 0.588194 0.044531 0.070833
15 0.834766 0.781250 0.286719 0.437500
