4 0.317969 0.902778 0.106250 0.169444
15 0.261328 0.677778 0.099219 0.161111
15 0.160156 0.622222 0.239063 0.308333
4 0.414844 0.573611 0.048438 0.072222
4 0.353906 0.548611 0.040625 0.052778
4 0.395313 0.485417 0.028125 0.040278
4 0.439063 0.476389 0.025000 0.036111
15 0.367188 0.428472 0.056250 0.095833
4 0.458203 0.429861 0.017969 0.023611
4 0.560156 0.407639 0.014063 0.023611
4 0.532422 0.409028 0.014844 0.023611
4 0.551562 0.478472 0.026562 0.040278
4 0.650781 0.497222 0.031250 0.041667
4 0.635156 0.543750 0.037500 0.054167
