15 0.152734 0.847917 0.166406 0.251389
15 0.103906 0.750694 0.206250 0.437500
4 0.385937 0.665972 0.070312 0.101389
4 0.313672 0.615278 0.055469 0.072222
4 0.426953 0.513194 0.030469 0.043056
4 0.375391 0.519444 0.035156 0.041667
15 0.342578 0.450694 0.069531 0.115278
15 0.421094 0.413889 0.042188 0.083333
4 0.451562 0.452778 0.020313 0.030556
4 0.461328 0.420833 0.016406 0.025000
4 0.548828 0.386111 0.011719 0.016667
4 0.535937 0.421528 0.017188 0.029167
4 0.585547 0.456250 0.019531 0.034722
4 0.601172 0.436111 0.019531 0.027778
4 0.592187 0.588889 0.046875 0.075000
4 0.683594 0.631250 0.056250 0.093056
4 0.644922 0.783333 0.082031 0.144444
4 0.902734 0.804861 0.122656 0.148611
