4 0.116406 0.944444 0.159375 0.111111
4 0.355859 0.777778 0.083594 0.116667
15 0.292187 0.629167 0.081250 0.133333
15 0.209766 0.577778 0.185156 0.252778
4 0.423828 0.544444 0.042969 0.061111
4 0.367578 0.525000 0.035156 0.047222
4 0.402344 0.468750 0.028125 0.031944
4 0.443750 0.461806 0.021875 0.031944
15 0.376172 0.418750 0.050781 0.087500
4 0.460547 0.422222 0.016406 0.025000
4 0.536719 0.425000 0.015625 0.027778
4 0.567187 0.422222 0.017188 0.027778
4 0.567187 0.531944 0.035937 0.055556
4 0.698047 0.553472 0.046094 0.056944
4 0.689453 0.636806 0.057031 0.084722
