4 0.205078 0.828472 0.114844 0.134722
4 0.219922 0.642361 0.074219 0.081944
4 0.314063 0.631250 0.059375 0.073611
4 0.387109 0.656250 0.057031 0.084722
4 0.422266 0.554861 0.038281 0.054167
15 0.368359 0.510417 0.044531 0.081944
15 0.320703 0.470833 0.088281 0.138889
4 0.408203 0.458333 0.022656 0.030556
4 0.448437 0.464583 0.028125 0.037500
4 0.428906 0.428472 0.017188 0.023611
15 0.407422 0.393056 0.032031 0.063889
4 0.460547 0.420139 0.016406 0.023611
4 0.557813 0.403472 0.014063 0.020833
4 0.579688 0.400694 0.012500 0.018056
4 0.578516 0.445139 0.021094 0.031944
4 0.600781 0.427778 0.018750 0.025000
4 0.667969 0.595833 0.050000 0.072222
4 0.623047 0.694444 0.064844 0.102778
