4 0.329297 0.834722 0.091406 0.141667
4 0.255469 0.738889 0.087500 0.100000
4 0.100391 0.787500 0.122656 0.125000
4 0.397656 0.631944 0.056250 0.075000
15 0.337891 0.558333 0.060156 0.102778
15 0.277734 0.510417 0.121094 0.176389
4 0.437891 0.495833 0.033594 0.047222
4 0.391016 0.485417 0.027344 0.037500
4 0.417187 0.446528 0.020313 0.029167
4 0.452734 0.436111 0.017969 0.025000
15 0.393359 0.404861 0.039844 0.076389
4 0.560156 0.409722 0.015625 0.025000
4 0.580859 0.402083 0.016406 0.020833
4 0.555469 0.488889 0.028125 0.041667
4 0.595703 0.471528 0.028906 0.037500
4 0.692187 0.912500 0.120313 0.175000
