4 0.329297 0.890278 0.102344 0.161111
4 0.246484 0.754861 0.103906 0.120833
4 0.045703 0.886111 0.089844 0.158333
4 0.413672 0.614583 0.047656 0.070833
4 0.272266 0.565972 0.050781 0.059722
4 0.360156 0.542361 0.039062 0.051389
4 0.432422 0.520833 0.035156 0.052778
4 0.387109 0.500000 0.032031 0.038889
4 0.398047 0.469444 0.025781 0.033333
4 0.372656 0.457639 0.025000 0.034722
4 0.446875 0.450000 0.021875 0.030556
15 0.430859 0.411111 0.019531 0.038889
15 0.403125 0.397222 0.035937 0.069444
4 0.460547 0.422222 0.017969 0.025000
4 0.559375 0.376389 0.010937 0.016667
4 0.677344 0.524306 0.037500 0.048611
4 0.711719 0.666667 0.067187 0.102778
