4 0.359766 0.821528 0.082031 0.134722
4 0.150000 0.704861 0.090625 0.101389
4 0.312500 0.625694 0.056250 0.070833
4 0.405469 0.603472 0.051562 0.076389
4 0.352344 0.561111 0.045312 0.058333
4 0.377344 0.510417 0.031250 0.043056
4 0.339453 0.496528 0.033594 0.040278
4 0.434766 0.493056 0.028906 0.041667
4 0.450781 0.453472 0.021875 0.031944
15 0.414062 0.434722 0.026562 0.047222
15 0.382422 0.417361 0.049219 0.087500
4 0.434375 0.415278 0.014063 0.025000
4 0.463672 0.413194 0.017969 0.026389
15 0.431641 0.370139 0.022656 0.045833
4 0.447656 0.397222 0.014063 0.019444
4 0.599219 0.427778 0.018750 0.025000
4 0.588281 0.455556 0.023438 0.033333
4 0.674609 0.522917 0.038281 0.045833
4 0.642969 0.572917 0.042188 0.065278
4 0.837500 0.713194 0.095312 0.109722
