4 0.315234 0.904861 0.113281 0.162500
4 0.165625 0.698611 0.092188 0.097222
4 0.383984 0.703472 0.066406 0.095833
4 0.315625 0.629861 0.065625 0.084722
4 0.316016 0.516667 0.039844 0.044444
4 0.382812 0.505556 0.029687 0.044444
4 0.429688 0.548611 0.032813 0.050000
4 0.443750 0.482639 0.028125 0.043056
4 0.404297 0.472917 0.030469 0.040278
4 0.410938 0.449306 0.023438 0.029167
4 0.389062 0.436111 0.021875 0.025000
4 0.452734 0.429861 0.017969 0.026389
15 0.413281 0.386806 0.032813 0.059722
15 0.439063 0.398611 0.018750 0.033333
4 0.464844 0.406944 0.015625 0.019444
4 0.544531 0.379861 0.010937 0.015278
4 0.569922 0.391667 0.014844 0.019444
4 0.890625 0.780556 0.104688 0.144444
