4 0.350391 0.789583 0.088281 0.120833
4 0.173047 0.880556 0.125781 0.150000
4 0.400000 0.650000 0.056250 0.086111
4 0.337891 0.589583 0.057031 0.068056
4 0.212109 0.639583 0.074219 0.079167
4 0.435156 0.527083 0.032813 0.045833
4 0.333594 0.497222 0.034375 0.041667
4 0.391016 0.489583 0.028906 0.040278
4 0.448047 0.468750 0.025781 0.040278
4 0.408594 0.459722 0.025000 0.033333
4 0.415625 0.438194 0.018750 0.026389
4 0.394141 0.429167 0.017969 0.027778
4 0.455469 0.420833 0.017188 0.025000
15 0.418750 0.382639 0.028125 0.056944
15 0.443750 0.390972 0.015625 0.031944
4 0.548047 0.388194 0.013281 0.018056
4 0.576953 0.400694 0.013281 0.020833
