4 0.362500 0.775000 0.084375 0.125000
4 0.289062 0.678472 0.082812 0.101389
4 0.102734 0.773611 0.117969 0.119444
4 0.297266 0.538889 0.044531 0.052778
4 0.423438 0.576389 0.039062 0.061111
4 0.371875 0.522917 0.034375 0.048611
4 0.438281 0.500694 0.029687 0.045833
4 0.394922 0.485417 0.028906 0.037500
4 0.405859 0.458333 0.022656 0.030556
4 0.450391 0.438889 0.021094 0.030556
4 0.381641 0.445833 0.024219 0.027778
15 0.435156 0.402778 0.018750 0.036111
15 0.408594 0.390972 0.034375 0.065278
4 0.564844 0.383333 0.012500 0.019444
4 0.542578 0.374306 0.011719 0.015278
4 0.746875 0.609722 0.057813 0.080556
