4 0.341016 0.812500 0.088281 0.136111
4 0.191406 0.840278 0.109375 0.138889
4 0.289844 0.669444 0.073438 0.088889
4 0.412500 0.568056 0.042188 0.058333
4 0.346484 0.570139 0.047656 0.059722
4 0.283984 0.565278 0.050781 0.061111
4 0.436328 0.502778 0.030469 0.041667
15 0.390625 0.472917 0.035937 0.062500
15 0.350781 0.445833 0.068750 0.113889
4 0.455469 0.438889 0.023438 0.033333
4 0.421094 0.438194 0.021875 0.031944
4 0.437109 0.414583 0.016406 0.023611
15 0.417578 0.384028 0.028906 0.056944
4 0.558594 0.399306 0.012500 0.020833
4 0.570312 0.390278 0.010937 0.019444
4 0.573047 0.436111 0.016406 0.030556
4 0.601172 0.427778 0.017969 0.022222
4 0.636719 0.473611 0.028125 0.038889
4 0.619922 0.519444 0.035156 0.050000
