4 0.317969 0.951389 0.109375 0.097222
4 0.070312 0.799306 0.123438 0.134722
4 0.285156 0.675694 0.065625 0.081944
4 0.390234 0.650694 0.058594 0.084722
4 0.335938 0.588194 0.050000 0.065278
4 0.367188 0.527778 0.035937 0.047222
4 0.323047 0.515972 0.039844 0.043056
4 0.428516 0.513889 0.030469 0.044444
4 0.446484 0.467361 0.022656 0.031944
15 0.407422 0.445833 0.028906 0.052778
15 0.371875 0.422222 0.053125 0.088889
4 0.430078 0.421528 0.016406 0.026389
4 0.461328 0.421528 0.019531 0.029167
4 0.444141 0.402778 0.014844 0.022222
4 0.427734 0.373611 0.025781 0.047222
4 0.470703 0.392361 0.011719 0.020833
4 0.585547 0.411806 0.014844 0.020833
4 0.574609 0.431250 0.017969 0.029167
4 0.606641 0.502083 0.027344 0.043056
4 0.639062 0.478472 0.029687 0.037500
4 0.723437 0.579167 0.053125 0.066667
4 0.773047 0.782639 0.102344 0.151389
