4 0.383984 0.730556 0.067969 0.108333
4 0.201563 0.644444 0.073438 0.077778
4 0.332813 0.590972 0.048438 0.062500
4 0.416406 0.570833 0.046875 0.063889
4 0.364063 0.538194 0.042188 0.048611
4 0.383984 0.495833 0.032031 0.038889
4 0.351953 0.481944 0.032031 0.036111
4 0.439063 0.476389 0.025000 0.036111
4 0.453906 0.441667 0.020313 0.025000
15 0.419922 0.424306 0.025781 0.043056
15 0.388672 0.409028 0.042969 0.079167
15 0.435156 0.368056 0.021875 0.041667
4 0.466797 0.406250 0.016406 0.026389
4 0.437891 0.409722 0.014844 0.022222
4 0.615234 0.448611 0.019531 0.030556
4 0.607422 0.490972 0.030469 0.043056
4 0.729688 0.590278 0.054688 0.063889
4 0.716797 0.704861 0.071094 0.112500
