4 0.248047 0.740972 0.082031 0.106944
4 0.371875 0.712500 0.071875 0.105556
4 0.316797 0.624306 0.060156 0.076389
4 0.358203 0.547222 0.038281 0.050000
4 0.305078 0.536111 0.044531 0.050000
4 0.422266 0.536111 0.035156 0.050000
4 0.442188 0.481944 0.026562 0.036111
15 0.399609 0.458333 0.032031 0.055556
15 0.362500 0.433333 0.060937 0.100000
4 0.426172 0.429167 0.014844 0.025000
4 0.458594 0.428472 0.021875 0.029167
4 0.440625 0.408333 0.014063 0.022222
15 0.423438 0.377778 0.028125 0.052778
4 0.565234 0.413889 0.016406 0.025000
4 0.576953 0.400000 0.013281 0.019444
4 0.587109 0.463889 0.019531 0.033333
4 0.618359 0.450000 0.021094 0.030556
4 0.670312 0.515278 0.039062 0.047222
4 0.669531 0.606250 0.053125 0.079167
