4 0.188281 0.857639 0.137500 0.165278
4 0.402344 0.657639 0.054688 0.079167
4 0.243750 0.597917 0.060937 0.065278
4 0.348047 0.563889 0.041406 0.055556
4 0.425391 0.540972 0.039844 0.054167
4 0.376953 0.517361 0.035156 0.043056
4 0.391797 0.481944 0.027344 0.033333
4 0.363672 0.467361 0.028906 0.034722
4 0.443359 0.461806 0.021094 0.031944
4 0.457813 0.431250 0.018750 0.023611
15 0.426172 0.416667 0.021094 0.038889
15 0.396875 0.402083 0.039062 0.073611
4 0.640625 0.479861 0.026562 0.037500
4 0.643750 0.553472 0.042188 0.059722
4 0.847266 0.738194 0.096094 0.106944
