4 0.371875 0.719444 0.075000 0.105556
4 0.234375 0.770833 0.098437 0.102778
4 0.041406 0.879861 0.081250 0.148611
4 0.243750 0.600000 0.064062 0.072222
4 0.412109 0.609028 0.050781 0.073611
4 0.353516 0.561806 0.049219 0.059722
4 0.346094 0.481250 0.029687 0.037500
4 0.439063 0.511111 0.029687 0.044444
4 0.398047 0.477778 0.024219 0.036111
4 0.451562 0.456250 0.023438 0.034722
4 0.414453 0.450000 0.021094 0.027778
4 0.421094 0.429861 0.018750 0.023611
4 0.400391 0.422222 0.016406 0.025000
4 0.458203 0.413889 0.014844 0.025000
15 0.422266 0.378472 0.028906 0.054167
15 0.446484 0.388889 0.014844 0.030556
4 0.552344 0.397222 0.012500 0.019444
4 0.560547 0.376389 0.010156 0.016667
4 0.585547 0.412500 0.016406 0.027778
