4 0.101953 0.770139 0.107031 0.115278
4 0.278516 0.691667 0.072656 0.080556
4 0.388281 0.662500 0.062500 0.083333
4 0.421094 0.577083 0.043750 0.062500
4 0.367188 0.536111 0.043750 0.055556
4 0.272266 0.566667 0.053906 0.066667
4 0.442969 0.493056 0.026562 0.041667
4 0.455078 0.445139 0.022656 0.034722
4 0.405078 0.463889 0.022656 0.033333
4 0.358203 0.468750 0.027344 0.034722
4 0.419531 0.440972 0.021875 0.029167
4 0.426563 0.421528 0.015625 0.023611
4 0.407031 0.414583 0.017188 0.023611
4 0.462891 0.406250 0.016406 0.023611
15 0.427344 0.375000 0.025000 0.047222
15 0.450391 0.382639 0.014844 0.029167
4 0.564844 0.382639 0.010937 0.018056
4 0.558594 0.410417 0.015625 0.023611
4 0.597266 0.427083 0.021094 0.029167
